gene_id	gene_short_name	E12.5_DFL_WT_RNAseq_rep1	E12.5_DFL_WT_RNAseq_rep2	E12.5_DFL_WT_RNAseq_rep3	E12.5_DFL_DelCBS1.4_RNAseq_rep1	E12.5_DFL_DelCBS1.4_RNAseq_rep2	E12.5_DFL_DelCBS1.4_RNAseq_rep3	baseMean	log2FoldChange	lfcSE	stat	pvalue	padj
ENSMUSG00000050368	Hoxd10	1642.46024636463	1711.09244077227	1513.12064407117	750.026174969804	820.9857356663	791.86916192449	1204.92573396144	1.04184932494458	0.0852568028718138	12.220131295693	2.42692429846169e-34	3.2591166404042e-30
ENSMUSG00000043342	Hoxd9	424.82578321271	287.742056168167	346.474852309678	97.5137765520907	113.026822181844	106.053905614887	229.272866006563	1.74212237761517	0.182242399617889	9.55936917681013	1.18476633745141e-21	7.95511357281748e-18
ENSMUSG00000075334	Rprm	479.674182453788	710.651199219602	646.933513296976	1433.65999143606	1186.78163290936	1549.39705917368	1001.18292974824	-1.18241506725154	0.127968575321329	-9.23988615394443	2.46759644469859e-20	1.10457842186191e-16
ENSMUSG00000042499	Hoxd11	1049.10029093843	846.842279185319	1058.37240041472	513.503397800903	567.189144039797	444.416366386194	746.570646460893	0.954679910968348	0.117582280492611	8.11924983057578	4.69074026284677e-16	1.57479877474423e-12
ENSMUSG00000006574	Slc4a1	1348.27337770794	781.306721908583	1154.01389610437	534.251009833263	524.033448297639	466.637184705503	801.419273092883	1.1070276881035	0.147164543956393	7.5223804480482	5.37877945401794e-14	1.20386048813345e-10
ENSMUSG00000027570	Col9a3	2593.83066229169	3108.84299831515	2313.44146177608	4720.08173736184	3892.23274931658	4774.44582706258	3567.14590602065	-0.740280393243726	0.098326494908648	-7.52879876305462	5.12092337175065e-14	1.20386048813345e-10
ENSMUSG00000001823	Hoxd12	5767.05986929367	5976.02362917233	6303.31593290471	4121.51313022826	4279.60649443071	3228.0788794779	4945.93298925126	0.634107785151107	0.0874327547892984	7.25251979854946	4.09088422695042e-13	7.84806918338816e-10
ENSMUSG00000062329	Cytl1	70.8042972021183	49.1516679575517	76.6936522039651	283.20490424171	131.522120357054	313.111530863	154.081362137567	-1.88535789986401	0.27682970761245	-6.81053314734354	9.72377042568916e-12	1.63225641308225e-08
ENSMUSG00000036103	Colec12	428.81475770297	541.692340615518	388.881930587164	911.85754882221	684.326032482798	982.766192031287	656.389800373658	-0.925231646547007	0.141782793436624	-6.52569768249473	6.76857210255618e-11	9.08951547652269e-08
ENSMUSG00000034271	Jdp2	154.572761497582	233.470422798371	146.169078318145	524.914584418701	304.144903325688	519.159118914781	313.738478212211	-1.33775353330061	0.205460163555723	-6.51101172192824	7.4646318100862e-11	9.1129582343316e-08
ENSMUSG00000062713	Sim2	74.7932716923785	104.447294409797	55.0389739346102	258.307769802879	169.540233272765	259.57955945739	153.617850428303	-1.55806567341384	0.240955565919228	-6.46619499105542	1.0050137815576e-10	1.12469417271142e-07
ENSMUSG00000045608	Dbx2	86.7601951631591	122.879169893879	60.4526435019489	338.186076127464	185.980498317397	288.870638151026	180.521536859146	-1.59442340079323	0.248161539151643	-6.42494161764098	1.31920138070844e-10	1.36273502627182e-07
ENSMUSG00000001911	Nfix	1297.41395295713	1456.11816324247	1011.45393083112	1896.33173975768	1856.7224334781	2203.90116239699	1620.32356377725	-0.662967409783765	0.110889208930039	-5.97864676085875	2.24998853116387e-09	2.15822114178569e-06
ENSMUSG00000028782	Adgrb2	806.770090655123	801.786583557563	577.458087182796	1169.12793802347	1126.15815555728	1178.71340811975	943.335710515996	-0.669844343839621	0.114392627797606	-5.85566007824184	4.75119124975287e-09	3.9877342058082e-06
ENSMUSG00000031636	Pdlim3	93.7409005211144	137.215073048165	94.7392174284275	258.307769802879	203.448279927318	258.569522261058	174.336793831494	-1.14790107528816	0.200091080718372	-5.73689277486499	9.64292621271927e-09	7.54182386101992e-06
ENSMUSG00000041695	Kcnj2	479.674182453788	330.749765631025	413.243443640188	196.064933705799	227.081160928977	234.328629549084	313.52368598481	0.896384002361288	0.158115501834228	5.66917216821079	1.4348912251115e-08	9.63457713101116e-06
ENSMUSG00000017897	Eya2	179.503852061708	292.862021580412	219.253617477218	487.568882760454	383.263678852979	456.536812742181	336.498144245825	-0.941663738936001	0.167201228072916	-5.63191879503027	1.7821559794517e-08	1.13964631657414e-05
ENSMUSG00000036904	Fzd8	394.908474535759	436.221053123272	382.565982758602	629.690025182118	576.436793127402	836.31079856311	542.688854548377	-0.751767122625574	0.136465031122004	-5.50886272068827	3.61159414288564e-08	1.79629991647449e-05
ENSMUSG00000037003	Tns2	594.357199048768	720.891130044092	533.246452382863	1018.70775078886	839.481033841511	1074.67957689752	796.89385716727	-0.667257325537164	0.122044983787043	-5.46730643761209	4.56925734427453e-08	2.19144845986652e-05
ENSMUSG00000048612	Myof	131.636158178586	268.286187601637	204.817165297648	445.036278094116	359.630797851321	437.346106011868	307.792115505863	-1.03891733604151	0.193288489318489	-5.37495708981224	7.66009223836566e-08	3.31830253771008e-05
ENSMUSG00000019997	Ccn2	125.652696443196	179.198789428574	155.191860930376	344.410359737172	232.218743755424	347.452795538297	230.687540972173	-1.00669095756123	0.19042646651028	-5.28650757433911	1.24673656363841e-07	5.07346221609097e-05
ENSMUSG00000030342	Cd9	289.200650543864	357.373585774699	276.999426195497	563.297666678567	425.391858029848	595.921945836032	418.030855509751	-0.780240159742233	0.148359742900567	-5.25910967819055	1.44754537079072e-07	5.55402479552817e-05
ENSMUSG00000038305	Spats2l	579.398544710292	646.139635025316	528.735061076748	1004.18442236621	729.536761355536	1208.00448681338	782.666485224581	-0.746573903778448	0.142790283066587	-5.22846434466624	1.70923787885526e-07	6.37593207642979e-05
ENSMUSG00000043099	Hic1	383.938794687543	354.301606527352	350.08396535457	612.054554954612	474.712653163743	793.889236317155	494.830135167496	-0.789563346472614	0.15335743664417	-5.14851684893905	2.62554205433426e-07	9.52929844531211e-05
ENSMUSG00000016763	Scube1	1182.73093636215	875.51408549389	1183.78907872473	633.83954758859	807.628020317537	506.028635362461	864.921717308226	0.735884608715831	0.144094160458792	5.10697037529344	3.27365048045861e-07	0.000112722698210458
ENSMUSG00000070720	Tmem200b	46.8704502605572	63.4875711118377	25.2637913142473	160.793993250788	85.2838749190274	181.806695339806	93.917729366044	-1.66454129944531	0.327096938387285	-5.08883179296065	3.6027599363184e-07	0.00012095365796205
ENSMUSG00000038402	Foxf2	10.9696798482155	23.5518408963269	4.51139130611559	88.1773511375288	35.9630797851321	91.9133848662355	42.5144546399257	-2.48435486514779	0.488759293076701	-5.08298236031272	3.71554219283611e-07	0.00012169760026243
ENSMUSG00000024521	Pmaip1	482.665913321483	397.30931599021	685.73147852957	275.943240030384	333.942883719083	208.067662444445	397.276749005863	0.938379082699485	0.187430245331219	5.00655100270086	5.54139835357677e-07	0.000173059159279494
ENSMUSG00000021838	Samd4	418.84232147732	479.22876258613	351.888521877016	663.923585035511	568.216660605086	771.668417997845	542.294711596485	-0.682577807190589	0.137101962362096	-4.97861442265759	6.4041078897016e-07	0.000186958184458267
ENSMUSG00000028063	Lmna	516.572196488694	440.317025453068	430.386730603428	726.166421132591	602.12470725964	820.150203421794	589.286214059869	-0.631647565194802	0.126854282632681	-4.97931604740377	6.38093690554568e-07	0.000186958184458267
ENSMUSG00000092009	Myh15	134.627889046281	164.862886274288	140.755408750807	255.195627998025	273.319406367004	250.4892246904	203.208407187801	-0.824386862223895	0.165759945278666	-4.97337798246725	6.57961933486186e-07	0.000187995123506085
ENSMUSG00000015970	Chdh	5.98346173539028	27.6478132261229	6.31594782856183	87.1399705359109	50.3483116991849	68.6825293505936	41.0196723959607	-2.38228638049096	0.480759243148636	-4.9552586132066	7.22341483523699e-07	0.000202090078796661
ENSMUSG00000063838	Cdc42ep5	194.462506400184	178.174796346125	212.035391387433	354.784165753351	299.007320499241	325.231977218987	260.616026267554	-0.742098119807057	0.150644379849569	-4.92615868277399	8.38619015944952e-07	0.000229832954390301
ENSMUSG00000024529	Lox	123.658209198066	161.790907026941	87.5209913386425	260.382531006115	197.283180535582	396.944618158577	204.596739543987	-1.19965963761807	0.243864325929928	-4.91937323363477	8.68217759834757e-07	0.000233185925936419
ENSMUSG00000027869	Hsd3b6	349.035267897767	209.918581902044	333.842956652554	172.205179868586	147.962385401686	141.405207486516	225.728263201525	0.953271283862473	0.195110476435282	4.88580265539288	1.03008335882345e-06	0.000266019027416157
ENSMUSG00000086596	Susd5	129.641670933456	181.246775593472	112.78478265289	310.176799883778	203.448279927318	380.784023017261	219.680388668029	-1.08065309736487	0.221837025689884	-4.87138291727535	1.10819826640878e-06	0.000275592491103768
ENSMUSG00000029866	Kel	158.561735987843	145.407017707757	174.139704416062	78.840925722967	86.3113914843169	65.6524177615968	118.152198846757	1.05224325437485	0.21727863314332	4.84282894802993	1.28003477067605e-06	0.000312537944280157
ENSMUSG00000024776	Stambpl1	155.570005120147	239.614381293065	149.778191363038	362.045829964677	307.227453021557	323.211902826323	256.241293931468	-0.867528709001103	0.180334765006254	-4.81065705201667	1.50434944416807e-06	0.000357905980871411
ENSMUSG00000027832	Ptx3	169.531415836058	157.694934697145	160.605530497715	354.784165753351	207.558346188476	397.95465535491	241.354841387943	-0.977302122130194	0.203236233497753	-4.80870022687663	1.51914818003354e-06	0.000357905980871411
ENSMUSG00000006538	Ihh	48.8649375056873	74.7514950187766	52.3321391509409	189.840650096092	93.5040074413433	165.64610019849	104.156554901888	-1.35380310749914	0.282137706034502	-4.79837709935014	1.59956409812303e-06	0.000370354246098174
ENSMUSG00000026574	Dpt	9.97243622565047	20.4798616489799	5.41366956733871	79.878306324585	25.6879141322372	86.8631988845742	38.0492311305609	-2.43688047449068	0.513532647462684	-4.74532726698309	2.08169490963219e-06	0.000465918015690845
ENSMUSG00000038415	Foxq1	6.98070535795533	13.3119100718369	1.80455652244624	38.3830822598655	39.0456294810005	53.5319714056097	25.5096425164524	-2.59072833361517	0.548252160459443	-4.72543205565136	2.29626604199941e-06	0.000489469153619208
ENSMUSG00000021186	Fbln5	369.977383971633	556.028243769804	376.25003493004	697.119764287287	614.454906043113	804.99964547681	569.804996413115	-0.702197598529116	0.148943901637194	-4.71451056948654	2.42292427936553e-06	0.000500576156116919
ENSMUSG00000061524	Zic2	561.448159504122	399.357302155108	674.904139394893	278.01800123362	340.10798311082	342.402609556635	432.706365825866	0.769231699565276	0.164139591757742	4.68644823182335	2.77987092664954e-06	0.000548983627558481
ENSMUSG00000041559	Fmod	340.060075294681	397.30931599021	314.895113166868	590.269562320634	438.749573378611	775.708566783174	476.165367822363	-0.779389437496732	0.166421406432441	-4.68322828297408	2.82391712210553e-06	0.0005495997540979
ENSMUSG00000046402	Rbp1	509.591491130739	716.795157714296	489.03481758293	998.997519358121	755.224675487773	930.24425782201	733.314653182645	-0.647272489437025	0.139014507346151	-4.65615065501972	3.2217622103335e-06	0.000600903398924564
ENSMUSG00000033910	Gucy1a1	21.939359696431	70.6555226889806	42.4070782774866	137.971620015192	117.136888443002	118.174351970874	84.714136848661	-1.46994364972903	0.317287181153116	-4.63284915699027	3.60667335141213e-06	0.000663479677207035
ENSMUSG00000027487	Cdk5rap1	244.324687528437	200.702644160003	212.035391387433	344.410359737172	386.346228548847	322.20186562999	285.003529498647	-0.680347601139315	0.147477176634727	-4.61323993762375	3.96440208407984e-06	0.000717584689349326
ENSMUSG00000030772	Dkk3	331.084882691596	472.060811008987	315.797391428092	545.662196451061	549.721362429876	782.7788271575	499.517578527852	-0.748836908701408	0.163347807244311	-4.58430952538844	4.55489083767417e-06	0.000784377141485566
ENSMUSG00000030223	Ptpro	7.97794898052038	26.6238201436739	10.8273391346774	61.2054554954612	42.128179176869	85.8531616882419	39.1026507699073	-2.06729748331939	0.45404572509829	-4.55306011937865	5.28711558461269e-06	0.000865861892509315
ENSMUSG00000089661	Mia	61.8291045990329	65.5355572767357	39.7002434938172	107.887582568271	124.329504400028	148.475467860842	91.292910033121	-1.19371581199525	0.263417413156123	-4.53165110724001	5.85244512403079e-06	0.000946897416513367
ENSMUSG00000028644	Ermap	187.481801042229	123.903162976328	145.266800056922	61.2054554954612	91.4489743107644	53.5319714056097	110.473027547886	1.14756967451755	0.255130093210391	4.49797850217228	6.86026321994912e-06	0.00106087215968219
ENSMUSG00000039419	Cntnap2	49.8621811282524	94.2073635853075	59.5503652407258	180.50422468153	124.329504400028	151.505579449839	109.993203080947	-1.16707643193392	0.259489415653681	-4.497587807171	6.87287794268753e-06	0.00106087215968219
ENSMUSG00000041703	Zic5	147.592056139627	114.687225234287	140.755408750807	70.5418809100231	54.4583779603428	67.6724921542613	99.2845735248914	1.06558161326256	0.238110949305883	4.47514747376731	7.6358589445155e-06	0.00113935499739887
ENSMUSG00000063765	Chadl	132.633401801151	174.078824016329	136.244017444691	314.32632229025	215.778478710792	258.569522261058	205.271761087379	-0.833585222666348	0.187020385964081	-4.45718908326094	8.30413522680018e-06	0.00122545309846923
ENSMUSG00000038738	Shank1	157.564492365277	123.903162976328	126.318956571237	227.186351754339	235.301293451293	235.338666745416	184.268820643982	-0.77578016564974	0.174605242920881	-4.44305195349299	8.86917386977497e-06	0.00128068963330331
ENSMUSG00000054146	Krt15	142.605838026802	126.975142223675	130.830347877352	281.130143038474	159.265067619871	423.205585263216	210.668687341565	-1.10925569026781	0.249830945850895	-4.44002517978633	8.99483529683449e-06	0.00128501748086373
ENSMUSG00000010830	Kdelr3	145.597568894497	141.311045377961	128.123513093683	254.158247396407	183.925465186818	373.713762642935	204.47160043205	-0.969027025518666	0.218698567976059	-4.43087960971352	9.38494770572294e-06	0.00131281732020993
ENSMUSG00000035916	Ptprq	34.9035267897767	51.1996541224497	27.9706260979167	95.4390153488548	91.4489743107644	93.9334592589	65.8158759881104	-1.30583376525833	0.298169388743469	-4.37950310983068	1.18950224254074e-05	0.00159738256150797
ENSMUSG00000020000	Moxd1	101.718849501635	136.191079965716	73.9868174202957	240.672299575373	157.210034489292	232.308555156419	157.014606018122	-1.0187309458617	0.234185406281027	-4.35010431281616	1.3607278634567e-05	0.00180922915627327
ENSMUSG00000030518	Fam189a1	70.8042972021183	104.447294409797	55.9412521958334	172.205179868586	121.24695470416	215.137922818771	123.297150199878	-1.14186866706839	0.263659638333241	-4.33084363722435	1.48539137049388e-05	0.00195561967787865
ENSMUSG00000076435	Acsf2	134.627889046281	252.926291364902	271.585756628159	335.07393432261	454.162321857953	418.155399281555	311.088598750243	-0.87199060228091	0.201542842102478	-4.32657688650402	1.51444472307086e-05	0.00197451244525423
ENSMUSG00000026394	Atp6v1g3	287.206163298734	130.047121471022	239.103739224126	96.4763959504727	121.24695470416	94.9434964552323	161.503978517291	1.07097034578661	0.248107015270938	4.31656615842599	1.58475198079049e-05	0.00204631099519572
ENSMUSG00000059857	Ntng1	64.8208354667281	68.6075365240826	63.1594782856183	142.121142421664	101.724139963659	167.666174591155	101.349884542151	-1.06678562849374	0.247880260212887	-4.30363284102393	1.6802002569865e-05	0.00214889611914969
ENSMUSG00000048616	Nog	228.368789567396	385.021399000822	252.637913142473	485.494121557218	423.336824899269	521.179193307445	382.67304024577	-0.725250595134182	0.168874852857787	-4.29460386114994	1.75005539124639e-05	0.00221712206123093
ENSMUSG00000030218	Mgp	80.7767334277688	66.5595503591847	46.0161913223791	131.747336405484	109.944272485975	190.897030106797	104.323519017931	-1.16591411515803	0.271884726374126	-4.28826632046141	1.80073108987262e-05	0.00221853374366049
ENSMUSG00000031891	Hsd11b2	642.22489293189	396.285322907761	548.585182823656	284.242284843328	382.236162287689	309.071382077671	427.107537978666	0.702569715782136	0.163785202557578	4.28957991815622	1.79011390071719e-05	0.00221853374366049
ENSMUSG00000073400	Trim10	93.7409005211144	69.6315296065316	103.762000040659	39.4204628614835	32.8805300892636	37.3713762642936	62.8011332305576	1.2864952049971	0.300340026427238	4.28346238195716	1.84007221049853e-05	0.00224639361043498
ENSMUSG00000062760	Shisal1	92.7436568985494	89.0873981730625	92.9346609059812	154.56970964108	162.347617315739	179.786620947142	128.578277313592	-0.854059832309715	0.200776097509942	-4.2537923732053	2.10180197916542e-05	0.00252853894559804
ENSMUSG00000074934	Grem1	187.481801042229	146.431010790206	273.390313150605	91.2894929423828	123.301987834738	85.8531616882419	151.291294574734	1.01800377226775	0.239358865507636	4.25304393931159	2.10884177456982e-05	0.00252853894559804
ENSMUSG00000023216	Epb42	129.641670933456	59.3915987820417	115.491617436559	45.6447464711914	42.128179176869	21.2107811229774	68.9180989871825	1.4852320681403	0.349793085508923	4.24603038101624	2.17591139643329e-05	0.00258586850820377
ENSMUSG00000051041	Olfml1	382.941551064978	464.892859431844	321.21106099543	611.017174352994	500.40056729598	676.724921542613	492.864689113973	-0.614978067527534	0.145487895394643	-4.22700504299258	2.36822361913307e-05	0.00274162715356361
ENSMUSG00000050229	Pigm	898.516503931108	564.220188429396	698.363374186694	474.08293493942	481.90526912077	481.787742650487	599.812668876312	0.588052004033951	0.139677625747683	4.21006586334896	2.55296252065612e-05	0.00290540116016026
ENSMUSG00000051839	Gypa	109.696798482155	23.5518408963269	78.4982087264113	22.8223732355957	13.3577153487633	17.1706323376484	44.1829281711501	1.99063682184744	0.474286899116459	4.19711534422682	2.70336268352024e-05	0.00300028574190028
ENSMUSG00000037962	Rflna	481.668669698918	397.30931599021	338.35434795867	543.587435247825	561.02404464806	851.461356508094	528.900861675296	-0.685432337200367	0.163610371264738	-4.18941862854934	2.79670044314784e-05	0.00306967219422027
ENSMUSG00000028332	Hemgn	97.7298750113746	10.2399308244899	64.9640348080645	10.3738060161799	10.2751656528949	11.1104091596548	34.1155369121098	2.44615597029897	0.586953540999252	4.16754615047478	3.07896189656302e-05	0.00328153804039244
ENSMUSG00000101174	Hoxd4	108.69955485959	37.8877440506128	70.3777043754033	9.33642541456188	29.7979803933951	21.2107811229774	46.2183650360901	1.84576996347125	0.443082996023408	4.16574316784147	3.10339929746544e-05	0.00328153930438295
ENSMUSG00000044573	Acp1	385.933281932673	311.293897064494	168.726034848723	163.906135055642	121.24695470416	153.525653842503	217.438659574699	0.979335876079824	0.236225823325848	4.14576129862371	3.38686518314518e-05	0.00349863173418897
ENSMUSG00000074622	Mafb	312.13725386286	388.093378248169	461.966469746237	586.120039914162	498.345534165401	727.226781359226	495.648242882676	-0.639370695370012	0.154295309919499	-4.14381160194432	3.41580397943824e-05	0.00350159020151726
ENSMUSG00000069206	Zfp874a	187.481801042229	100.351322080001	174.139704416062	75.728783918113	64.7335436132377	81.8130129029129	114.041361328759	1.05681315562384	0.256070148460757	4.12704550677371	3.67453700332507e-05	0.00373828465285245
ENSMUSG00000036766	Dner	81.7739770503339	29.6957993910208	110.980226130444	16.5980896258878	6.16509939173692	31.3111530863	46.0873907792872	2.04125616197738	0.497810485469901	4.10046839421344	4.12314747812867e-05	0.00407130496204338
ENSMUSG00000036412	Arsi	23.9338469415611	15.3598962367349	18.0455652244624	79.878306324585	22.6053644363687	117.164314774542	46.164548989709	-1.93806997823883	0.473446142577022	-4.09353842802413	4.24839627798489e-05	0.0041341821461637
ENSMUSG00000031738	Irx6	16.9531415836058	35.8397578857148	16.2410087020161	57.0559330889893	57.5409276562113	92.9234220625677	46.0923651631842	-1.59572329278943	0.391043098641319	-4.08068394080799	4.49033785172435e-05	0.00424653147963425
ENSMUSG00000063804	Lin28b	265.266803602303	151.550976202451	246.321965313911	106.850201966653	139.74225287937	109.084017203884	169.802702861429	0.90006534116561	0.220516157771342	4.08162989171481	4.4720972640767e-05	0.00424653147963425
ENSMUSG00000021061	Sptb	318.12071559825	145.407017707757	294.142713158737	151.457567836226	120.21943813887	111.104091596548	190.075257339398	0.986674376057861	0.242357803638713	4.071147539894	4.67821060027382e-05	0.00436275626049146
ENSMUSG00000023926	Rhag	54.8483992410776	22.5278478138779	52.3321391509409	9.33642541456188	11.3026822181844	11.1104091596548	26.9096504997162	2.03257840930581	0.500607569263817	4.06022308511012	4.9025851245894e-05	0.0044786949413681
ENSMUSG00000053441	Adamts19	267.261290847433	368.637509681638	249.931078358804	474.08293493942	409.979109550505	469.6672962945	373.259869945383	-0.613892346277207	0.151330704257918	-4.05662782901566	4.97863193477679e-05	0.00451743569271064
ENSMUSG00000027547	Sall4	121.663721952936	72.7035088538786	154.289582669153	54.9811718857533	56.5134110909218	37.3713762642936	82.9204621194894	1.23131042557586	0.304676788917647	4.04136603234545	5.31407364251206e-05	0.00475751299635297
ENSMUSG00000070691	Runx3	46.8704502605572	31.7437855559188	16.2410087020161	128.63519460063	57.5409276562113	86.8631988845742	61.315760943318	-1.53134302076067	0.37997746386262	-4.03008906158267	5.57557235422698e-05	0.0049259448121654
ENSMUSG00000030730	Atp2a1	36.8980140349068	41.9837163804088	37.895686971371	78.840925722967	60.6234773520798	179.786620947142	72.6714069014792	-1.45225484831679	0.36107353429407	-4.02204734045678	5.76944580778112e-05	0.00505976569296906
ENSMUSG00000063531	Sema3e	107.702311237025	177.150803263676	115.491617436559	215.775165136541	199.338213666161	346.442758341965	193.650144846988	-0.930043217424551	0.231412725075282	-4.01898044769144	5.84505206065358e-05	0.00506407768532367
ENSMUSG00000044921	Rassf9	130.638914556021	83.9674327608176	132.634904399798	43.5699852679554	67.8160933091062	48.4817854239484	84.5181859529412	1.12074897966288	0.280173623400113	4.0001944724909	6.329045131219e-05	0.00541355076860764
ENSMUSG00000026459	Myog	61.8291045990329	54.2716333697967	44.2116347999328	98.5511571537087	78.091258962001	234.328629549084	95.2139030722593	-1.36053153100342	0.342076191178697	-3.9772763088697	6.9709147185734e-05	0.00585077585973264
ENSMUSG00000031737	Irx5	127.647183688326	186.366741005717	178.651095722178	312.251561087014	221.943578102529	289.880675347358	219.45680582552	-0.741600126025411	0.18735173635699	-3.95833068027897	7.54754167529835e-05	0.00625653933071491
ENSMUSG00000040569	Slc26a7	41.884232147732	58.3676056995927	23.4592347918011	75.728783918113	94.5315240066328	138.375095897519	72.0577460768985	-1.32645395300117	0.335750772537287	-3.95071005489305	7.79196760131471e-05	0.00641952962687456
ENSMUSG00000018217	Pmp22	315.128984730555	440.317025453068	285.119930546505	583.007898109308	408.951592985216	714.096297806906	457.770288271926	-0.714839017585229	0.18113170103951	-3.9465152344001	7.92968785082601e-05	0.00645380473628743
ENSMUSG00000028551	Cdkn2c	78.7822461826387	152.5749692849	81.2050435100807	211.625642730069	177.760365795081	206.047588051781	151.332642592425	-0.933423622711227	0.23728021891565	-3.9338450839977	8.35976744188148e-05	0.00664279982112582
ENSMUSG00000068196	Col8a1	63.823591844163	105.471287492246	68.573147852957	187.765888892856	98.6415902677908	224.228257585761	124.750627322629	-1.10453593467468	0.282741482950382	-3.90652239335007	9.3633969498604e-05	0.00739653280233385
ENSMUSG00000020553	Pctp	305.156548504904	243.710353622861	325.722452301546	179.466844079912	203.448279927318	181.806695339806	239.885195629391	0.632500717445319	0.162997108947231	3.88044132518993	0.000104267097252604	0.00812610508142386
ENSMUSG00000026532	Spta1	168.534172213493	167.934865521635	237.29918270168	119.298769186068	113.026822181844	96.9635708478968	150.509563775436	0.80378139033311	0.207360360316365	3.87625382742776	0.00010607702619639	0.00814004791309329
ENSMUSG00000020583	Matn3	28.9200650543864	64.5115641942867	33.3842956652554	124.485672194158	65.7610601785272	122.214500756203	73.2128596738029	-1.3053389633351	0.339681573999321	-3.84283123740385	0.000121623103313125	0.00922755171972855
ENSMUSG00000022454	Nell2	103.713336746765	215.038547314289	119.100730481452	445.036278094116	294.897254238083	495.928263399139	278.952401712307	-1.49791408075999	0.391042246659739	-3.830568419538	0.000127847576752027	0.00964530959664588
ENSMUSG00000048582	Gja3	256.291610999217	177.150803263676	286.924487068952	109.962343771507	181.870432056239	83.8330872955774	182.672127409195	0.940895539716519	0.246253854752225	3.82083578209659	0.000133000191917122	0.00997798646511189
ENSMUSG00000026413	Pkp1	169.531415836058	188.414727170615	161.507808758938	233.410635364047	291.814704542214	270.689968617045	219.228210048153	-0.616982858854517	0.163510097882062	-3.77336242131992	0.000161062053329732	0.0118191383287704
ENSMUSG00000024544	Ldlrad4	216.401866096615	286.718063085719	195.794382685417	380.718680793801	290.787187976925	431.285882833874	300.284343912058	-0.660067448878977	0.175498428619554	-3.76110176068797	0.000169166586477508	0.0123448578192448
ENSMUSG00000026344	Lypd1	79.7794898052038	112.639239069389	71.2799826366264	135.896858811956	142.824802575239	225.238294782094	127.943111280085	-0.937911615106431	0.249459354560756	-3.75977728619514	0.000170064688104869	0.0123448578192448
ENSMUSG00000029123	Stk32b	134.627889046281	197.630664912656	101.055165256989	338.186076127464	168.512716707476	322.20186562999	210.369062946809	-0.938564113897054	0.250457464263552	-3.74739925063451	0.000178677566912553	0.0128313424923458
ENSMUSG00000058656	Samd12	258.286098244347	253.950284447351	290.533600113844	146.270664828136	207.558346188476	162.615988609494	219.869163738608	0.63716510568842	0.171553066260181	3.71409919728326	0.000203928795675382	0.0142633322766912
ENSMUSG00000000392	Fap	19.9448724513009	55.2956264522457	27.9706260979167	102.700679560181	61.6509939173692	95.9535336515645	60.5860553550963	-1.33924266305171	0.362090048113744	-3.69864532325123	0.000216753235618127	0.014927072826235
ENSMUSG00000038259	Gdf5	1241.56831009348	1858.54744464493	1233.414383092	2562.33008599643	2299.58207311787	2641.24726840885	1972.78159422559	-0.792175439589853	0.214288860515161	-3.69676444069665	0.000218364785229977	0.0149613301063947
ENSMUSG00000071984	Fndc1	64.8208354667281	71.6795157714296	59.5503652407258	128.63519460063	102.751656528949	130.294798326861	92.955394322554	-0.885397628862158	0.240253173054354	-3.6852692416339	0.000228460996610814	0.0155736178857189
ENSMUSG00000022306	Zfpm2	28.9200650543864	57.3436126171437	46.0161913223791	113.074485576361	67.8160933091062	115.144240381877	71.3857813768755	-1.16279793499281	0.315682828972824	-3.68343738801488	0.000230109824014847	0.0156067920540171
ENSMUSG00000002020	Ltbp2	19.9448724513009	24.5758339787759	14.4364521795699	59.1306942922252	39.0456294810005	63.6323433689323	36.7943042919675	-1.46284932659121	0.398724702200056	-3.66882041298068	0.00024367216634881	0.0162799677706377
ENSMUSG00000027236	Eif3j1	173.520390326318	61.4395849469397	118.198452220229	44.6073658695734	52.4033448297639	57.5721201909387	84.6235430639604	1.19230803025667	0.325570253935508	3.66221427124868	0.000250044575677849	0.0166230129048408
ENSMUSG00000053626	Tll1	45.8732066379922	90.1113912555115	53.234417412164	151.457567836226	92.4764908760539	145.445356271845	96.4330717149655	-1.04433362332633	0.286863142928445	-3.64052911316958	0.000272078339513325	0.01791049030061
ENSMUSG00000015053	Gata2	93.7409005211144	152.5749692849	135.341739183468	209.550881526833	201.39324679674	217.157997211435	168.293289087415	-0.718658327276225	0.197789665238478	-3.63344731085787	0.000279659575837679	0.0181113645468168
ENSMUSG00000055609	Hba-x	11190.0706888024	4788.1916535315	10644.1766476491	3856.98107681567	3224.34698187841	2839.21455888998	6090.49693459451	1.42417321401744	0.391825372817946	3.6347141170951	0.000278289052885428	0.0181113645468168
ENSMUSG00000064329	Scn1a	46.8704502605572	80.8954535134706	35.1888521877016	125.523052795776	94.5315240066328	123.224537952535	84.3723117861123	-1.08102848916784	0.297586678580543	-3.63265081059487	0.000280524523474413	0.0181113645468168
ENSMUSG00000064293	Cntn4	57.8401301087727	20.4798616489799	39.7002434938172	8.29904481294389	13.3577153487633	10.1003719633226	24.9628945627666	1.89465774860882	0.521914841762001	3.63020477097835	0.000283196459461106	0.0181963887756134
ENSMUSG00000027562	Car2	389.922256422933	250.878305200004	407.82977407285	257.270389201261	211.668412449634	195.947216088458	285.586058905857	0.659035575687993	0.182496398117716	3.6112251117575	0.000304753989338788	0.0189469505686601
ENSMUSG00000038725	Pkhd1l1	118.671991085241	95.2313566677565	109.175669607997	59.1306942922252	66.7885767438167	38.3814134606258	81.2299503096104	0.97686537222149	0.271733669232292	3.59493681802977	0.000324470311567027	0.0198964009773224
ENSMUSG00000005320	Fgfr4	44.8759630154271	93.1833705028585	27.9706260979167	119.298769186068	104.806689659528	155.545728235168	90.9468577828277	-1.20017081540563	0.334354694983908	-3.58951387078143	0.000331295203390072	0.0199505080104273
ENSMUSG00000051022	Hs3st1	16.9531415836058	14.3359031542859	25.2637913142473	48.7568882760454	46.2382454380269	56.5620829946065	34.6850087934696	-1.41478714176246	0.39811538378423	-3.55371130930535	0.000379835916987954	0.0219862781432381
ENSMUSG00000028825	Rhd	31.9117959220815	10.2399308244899	71.2799826366264	10.3738060161799	7.19261595702641	7.07026037432581	23.0113986217883	2.20933320302225	0.631851528432402	3.4966018179991	0.000471224627049991	0.0263669813193931
ENSMUSG00000052217	Hbb-bh1	3993.96070837301	1055.73686800491	2944.13396637104	840.278287310569	682.27099935222	643.393694063648	1693.29575391257	1.88392628828473	0.540526900165998	3.48535158510366	0.000491490788794549	0.0272736768707521
ENSMUSG00000057123	Gja5	83.768464295464	126.975142223675	64.9640348080645	155.607090242698	130.494603791765	232.308555156419	132.352981753014	-0.915148089813371	0.264913977565495	-3.45451039701035	0.00055129295929616	0.0299729277343649
ENSMUSG00000009471	Myod1	44.8759630154271	73.7275019363276	48.7230261060484	97.5137765520907	96.5865571372118	127.264686737865	81.448585247495	-0.944971286639948	0.274780390957628	-3.43900553946612	0.000583855286880349	0.0308684749902213
ENSMUSG00000020467	Efemp1	179.503852061708	242.686360540412	174.139704416062	342.335598533936	235.301293451293	345.432721145632	253.23325502484	-0.632101015325927	0.184023505593159	-3.43489280507122	0.000592788265136239	0.0311565620550519
ENSMUSG00000019929	Dcn	79.7794898052038	101.37531516245	64.9640348080645	140.046381218428	100.69662339837	244.429001512406	121.881807650821	-0.982142124523442	0.287653356561355	-3.41432527074982	0.00063940190983976	0.0330251086432236
ENSMUSG00000024593	Megf10	72.7987844472485	112.639239069389	50.5275826284946	133.82209760872	131.522120357054	176.756509358145	113.011055578175	-0.911231786695509	0.268380271715005	-3.3953009320415	0.000685532056445242	0.0352720689118895
ENSMUSG00000033717	Adra2a	8.97519260308542	36.8637509681638	10.8273391346774	51.8690300808993	42.128179176869	78.7829013139161	38.2410655462685	-1.61814389545306	0.47774878628797	-3.38701832824271	0.000706566673421008	0.0361041182363303
ENSMUSG00000039103	Nexn	171.525903081188	168.958858604084	113.687060914113	244.821821981845	209.613379319055	252.509299083065	193.519387163892	-0.641625707791409	0.189447893282472	-3.38681891191436	0.000707080430125465	0.0361041182363303
ENSMUSG00000027966	Col11a1	2305.62725537039	3299.30571165066	2184.41567042117	4786.47409586539	3695.97708534629	5090.58746951458	3560.39788136141	-0.801274262498486	0.23774181068723	-3.37035484075046	0.000750714462826301	0.0373688351708123
ENSMUSG00000032179	Bmp5	252.302636508957	183.29476175837	230.080956611895	139.00900061681	144.879835705818	152.515616646171	183.68046797467	0.60977872595146	0.180990993069638	3.36911089115271	0.000754110829644064	0.0373688351708123
ENSMUSG00000067578	Cbln4	44.8759630154271	32.7677786383678	36.9934087101479	8.29904481294389	20.5503313057897	6.06022317799355	24.9244582767783	1.71649479512048	0.510353539228823	3.36334455074851	0.000770041900420419	0.0378787277682997
ENSMUSG00000073565	Prr16	33.9062831672116	70.6555226889806	32.4820174040323	93.3642541456188	91.4489743107644	97.973608044229	69.9717766268061	-1.05097339749168	0.314378595637463	-3.34301829728781	0.000828724353427576	0.0401766763255557
ENSMUSG00000079259	Trim71	254.297123754087	148.478996955104	259.856139232258	126.560433397394	161.32010075045	103.02379402589	175.589431352531	0.763257048868283	0.228544759880686	3.3396392429507	0.000838872851034387	0.0405223867501467
ENSMUSG00000024330	Col11a2	832.698424841814	1201.14388571267	735.356782896842	1889.07007554635	1349.1292502251	1973.61268163323	1330.16851680933	-0.912586589712854	0.27377341902582	-3.33336447694648	0.000858024607098969	0.0412989693502941
ENSMUSG00000021943	Gdf10	703.056753908358	1069.04877807675	808.441322055914	1750.06107492954	1159.03868564654	1824.12717657606	1218.96229853219	-0.875292150515825	0.263966955296633	-3.31591562107544	0.000913434037791254	0.0430330975188623
ENSMUSG00000038178	Slc43a2	307.151035750035	206.846602654697	253.540191403696	178.429463478294	174.677816099213	156.5557654315	212.866812469572	0.591275274206271	0.17841697085605	3.31400803056635	0.000919688657972557	0.0430330975188623
ENSMUSG00000044288	Cnr1	204.434942625835	117.759204481634	142.559965273253	97.5137765520907	87.3389080496064	84.8431244919097	122.408320245721	0.785254288365988	0.236826840524206	3.31573180906295	0.000914035001200614	0.0430330975188623
ENSMUSG00000054191	Klf1	41.884232147732	26.6238201436739	52.3321391509409	13.4859478210338	17.4677816099213	10.1003719633226	26.9823821394374	1.56167983631155	0.470862503115144	3.3166366529077	0.000911080196838193	0.0430330975188623
ENSMUSG00000033569	Adgrb3	13.9614107159107	29.6957993910208	31.5797391428092	68.4671197067871	47.2657620033164	64.6423805652645	42.6020352541848	-1.25813720695888	0.38112211778532	-3.30113931531931	0.000962930556689791	0.0443442934450622
ENSMUSG00000036169	Sostdc1	211.41564798379	195.582678747758	127.22123483246	278.01800123362	223.998611233108	345.432721145632	230.278149196061	-0.668587900241125	0.202835993290568	-3.29619950283358	0.000980023939353218	0.0446848270698692
ENSMUSG00000063142	Kcnma1	45.8732066379922	108.543266739593	79.4004869876344	151.457567836226	122.274471269449	158.575839824165	111.020806549177	-0.88772136319599	0.269353731286943	-3.29574555716957	0.000981608756095869	0.0446848270698692
ENSMUSG00000004655	Aqp1	92.7436568985494	82.9434396783686	76.6936522039651	132.784717007102	101.724139963659	239.378815530745	121.044736880398	-0.910358081944069	0.276745169468869	-3.2895175142216	0.00100359310456208	0.0452256771851147
ENSMUSG00000042129	Rassf4	107.702311237025	157.694934697145	82.1073217713038	216.812545738159	159.265067619871	210.08773683711	155.611652983436	-0.758197848183848	0.230773777472495	-3.28545927742684	0.00101816258955393	0.0457119718961827
ENSMUSG00000058620	Adra2b	30.9145522995165	11.2639239069389	36.0911304489247	3.11214180485396	8.2201325223159	6.06022317799355	15.9436840267573	2.17268523851085	0.663019184558545	3.27695681982035	0.00104932415524211	0.0468151962815493
ENSMUSG00000046321	Hs3st2	1.99448724513009	7.16795157714296	4.51139130611559	22.8223732355957	17.4677816099213	24.2408927119742	13.03414628098	-2.24266978719623	0.685148772389714	-3.27325958619771	0.00106314789609674	0.0472748778035865
