gene_id	gene_short_name	E12.5_DFL_WT_RNAseq_rep1	E12.5_DFL_WT_RNAseq_rep2	E12.5_DFL_WT_RNAseq_rep3	E12.5_DFL_DelCBS1.2_RNAseq_rep1	E12.5_DFL_DelCBS1.2_RNAseq_rep2	E12.5_DFL_DelCBS1.2_RNAseq_rep3	baseMean	log2FoldChange	lfcSE	stat	pvalue	padj
ENSMUSG00000069117	Rps18-ps6	2212.43545783443	1023.57991303503	1254.00576815009	2.14532181330905	2.6080547289041	1.91346870632524	749.447997378014	9.3858045671432	0.57583900360044	16.2993553900627	9.97384631464994e-60	1.3433773601202e-55
ENSMUSG00000050368	Hoxd10	1745.15383096423	1823.45632695259	1604.09433500206	747.644651938205	753.727816653284	871.584995731147	1257.61032620692	1.12353071456966	0.0869573117630726	12.9204858313798	3.44956442945079e-38	2.32310916501363e-34
ENSMUSG00000040152	Thbs1	2535.61209319818	2433.45757576557	2541.48995116307	4415.07229179003	4340.67242047272	3962.79369079957	3371.51633719819	-0.759668959289863	0.0626115703473846	-12.1330443410863	7.05760205167885e-34	3.16862806780208e-30
ENSMUSG00000078249	Hmga1b	714.167384377589	338.283340128846	417.045396577756	4.29064362661811	8.69351576301366	4.7836717658131	247.877325373273	6.34929851637916	0.533216457030412	11.9075441739733	1.08114737255735e-32	3.64049349024373e-29
ENSMUSG00000052957	Gas1	3697.98838498188	3904.44448703552	3583.14691646852	6407.00359544749	5807.26852969312	5914.53177125132	4885.73061414631	-0.696587396012339	0.0603707468402329	-11.5384922743429	8.43914460435704e-31	2.2733367735217e-27
ENSMUSG00000020415	Pttg1	813.76936380117	1020.30620329184	734.612074705773	348.614794662721	336.439060028629	327.203148781616	596.824107545292	1.34280235030227	0.124222075778879	10.8096917708292	3.09708930526202e-27	6.95244930876236e-24
ENSMUSG00000075334	Rprm	509.665447901514	757.318187256192	685.829241619842	1589.68346366201	1453.55583557588	1346.12523489981	1057.02956848587	-1.16805162567762	0.116268658483481	-10.0461434827991	9.55331759628255e-24	1.83819478149042e-20
ENSMUSG00000027570	Col9a3	2756.00796256099	3312.99426010057	2452.53302024167	4879.53446437144	4945.74111757847	4637.29140977922	3830.68370577206	-0.763773389894427	0.0851402518119192	-8.97076733554484	2.94455849583487e-19	4.95753229754998e-16
ENSMUSG00000043099	Hic1	407.944277426368	377.567857047035	371.132141908646	784.115122764459	708.521534685613	708.940155693502	559.703514920937	-0.928091816160864	0.105680211349917	-8.78207759339034	1.60482311580475e-18	2.40170694964158e-15
ENSMUSG00000022483	Col2a1	16731.01335211	16587.8872687051	13569.2798070001	23309.9941625095	23757.6398771637	23283.0872185655	19539.8169476757	-0.585491705307704	0.0687825605378254	-8.51221153631996	1.70646893095429e-17	2.29844300310234e-14
ENSMUSG00000043342	Hoxd9	451.387693983461	306.637479278083	367.306037352886	158.75381418487	101.71413442726	151.164027799694	256.160531171042	1.45641785385614	0.186677835268561	7.80177170878852	6.10440047952153e-15	6.85168083822296e-12
ENSMUSG00000034271	Jdp2	164.23730649633	248.801940481861	154.957234508249	450.517580794901	494.661046915477	426.703521510529	323.313105117891	-1.27619227444775	0.164316029335879	-7.76669372796902	8.0561324523935e-15	8.34677292317601e-12
ENSMUSG00000062713	Sim2	79.469664433708	111.306131268201	58.3480944753283	309.999002023158	274.715098111232	221.005635580565	175.807270982032	-1.69870497476262	0.219069201172654	-7.75419349534135	8.89066799144275e-15	8.5534576554816e-12
ENSMUSG00000001506	Col1a1	3724.47827312645	2986.7145223634	3056.10101391269	5589.63598457674	4757.09182552107	4877.43173242304	4165.24222532056	-0.64011119996538	0.0834537512475102	-7.67025077239385	1.716604042834e-14	1.54139599019541e-11
ENSMUSG00000024026	Glo1	1873.36488958394	1446.97970648661	1469.22414941155	999.719965002019	926.728780337256	915.594775976628	1271.93537779967	0.753314047510323	0.0987238310492842	7.63051878663683	2.33810888676137e-14	1.96824928723681e-11
ENSMUSG00000062329	Cytl1	75.2312823305769	52.3793558909182	81.3047218098837	275.673853010213	254.7200118563	171.255449216109	151.760779019	-1.74304862828384	0.229867350814381	-7.58284559381102	3.3805708395771e-14	2.67840639048611e-11
ENSMUSG00000045608	Dbx2	92.1848107431013	130.948389727295	64.0872513089671	303.563036583231	281.669910721643	257.361541000745	188.302490014164	-1.55863863881211	0.210898353407521	-7.39047324755702	1.46307135941221e-13	9.85305406996155e-11
ENSMUSG00000001911	Nfix	1378.53377904339	1551.73841826845	1072.26580175152	2094.90675069629	2322.90741187725	2263.63347958276	1780.66427353661	-0.740739705617708	0.102585120106855	-7.22073244975624	5.17082994277585e-13	3.02808297822817e-10
ENSMUSG00000036904	Fzd8	419.599828209978	464.866783531899	405.567082910479	705.810876578679	749.381058771777	704.156483927689	574.897018988417	-0.744867143187165	0.103910151196343	-7.16837705085909	7.58920461314292e-13	4.08875987737688e-10
ENSMUSG00000016763	Scube1	1256.68029357837	933.00727680698	1254.96229428903	688.648302072206	639.842760157805	683.108328158111	909.37487584375	0.777345527092161	0.110334671540817	7.04534228666814	1.85006152796964e-12	9.58403027700887e-10
ENSMUSG00000054146	Krt15	151.522160186937	135.313336051539	138.696290146272	397.95719636883	355.564794707259	255.44807229442	239.083641625876	-1.2445708908001	0.178543035051457	-6.97070535650635	3.15355825297831e-12	1.46466469342637e-09
ENSMUSG00000074622	Mafb	331.653399570008	413.578664222041	489.741383137182	774.461174604568	797.195395468353	704.156483927689	585.131083488307	-0.880156438809575	0.12705489443516	-6.92737137536046	4.28732041866691e-12	1.86277157158144e-09
ENSMUSG00000060969	Irx1	836.020869842608	1183.99169045096	881.917100102503	1539.26840104925	1596.99884566561	1657.06389967766	1282.5434677981	-0.725124825798072	0.106834726162612	-6.7873513776257	1.14210812927036e-11	4.39515839804072e-09
ENSMUSG00000028063	Lmna	548.870482355477	469.231729856142	456.262968274288	769.097870071296	814.58242699438	806.527059716089	644.095422877945	-0.698271749358672	0.103174170429055	-6.7678930342243	1.30671302592493e-11	4.88892159616191e-09
ENSMUSG00000069919	Hba-a1	2603.42620684827	3071.83097568614	3783.06087950694	2092.76142888298	1883.88486584506	2010.09887599467	2574.17720546068	0.660612513427184	0.100434851898424	6.57752265214968	4.78351002039642e-11	1.61072741161799e-08
ENSMUSG00000032425	Zfp949	1079.72784077265	1304.02771436765	903.917201298119	682.212336632279	614.631564445066	658.233234975883	873.791648748607	0.749488641530592	0.116054075458601	6.45809842152375	1.06026781473889e-10	3.32110399923678e-08
ENSMUSG00000036103	Colec12	455.626076086593	577.26415138116	412.262765883057	961.104172362456	831.969458520407	748.166264173169	664.398814734474	-0.815183036807792	0.127381106680719	-6.39956001364512	1.55825325072816e-10	4.69433590668799e-08
ENSMUSG00000051243	Islr2	328.47461299266	235.707101509132	221.914064234035	566.36495871359	441.630600761094	528.117362945767	387.034783526046	-0.96638128078136	0.153203947989123	-6.30780925338798	2.83012699107225e-10	7.47430989073571e-08
ENSMUSG00000017897	Eya2	190.727194640899	312.093662183387	232.435851762373	483.770068901192	518.133539475614	443.924739867456	363.514176138487	-0.977409439613323	0.156311636646488	-6.25295378247378	4.02761358964303e-10	1.023545800734e-07
ENSMUSG00000026879	Gsn	566.883606293784	714.759960594821	525.132850277955	1051.20768852144	943.246460286982	938.556400452531	789.964494404585	-0.699928181411853	0.111925638020848	-6.25351075757531	4.0132690634814e-10	1.023545800734e-07
ENSMUSG00000042499	Hoxd11	1114.69449312348	902.452652537277	1122.00516097639	601.76276863319	570.294634053696	746.252795466844	842.910417465147	0.711345482387774	0.115011760041267	6.1849804066344	6.21101838302619e-10	1.54918901112925e-07
ENSMUSG00000063765	Chadl	140.926204929109	185.510218780335	144.435446979911	293.90908842334	318.1826769263	312.852133484177	232.635961587195	-0.976929819966446	0.159687431441571	-6.11776275156572	9.48982082494229e-10	2.2424280121254e-07
ENSMUSG00000020297	Nsg2	153.641351238502	175.689089550788	127.217976478994	311.071662929813	309.489161163286	285.106837242461	227.036013100641	-0.991436183336815	0.162703072814736	-6.09353078700441	1.10447081703536e-09	2.39937377978214e-07
ENSMUSG00000037003	Tns2	631.518933366533	768.2305530668	565.306948113427	998.647304095365	1049.30735259575	1015.09514870554	838.017706657236	-0.642404912316764	0.106282129306175	-6.04433611285805	1.50026463801955e-09	3.10877913992081e-07
ENSMUSG00000038463	Olfml2b	698.273451490848	877.354211172879	542.350320778871	1310.79162793183	1166.66981539643	1123.20613061292	953.107592897297	-0.766893423832619	0.128319871535556	-5.9764198222418	2.28094733338168e-09	4.58538501989818e-07
ENSMUSG00000033022	Cdo1	606.088640747746	695.117702135726	583.480944753283	1117.71266473402	1010.18653166219	845.753168195757	809.723275371453	-0.658067475786363	0.111340827350692	-5.91038787338662	3.41303109289891e-09	6.47466419581063e-07
ENSMUSG00000022454	Nell2	110.197934681408	229.159682022767	126.261450340055	435.500328101738	371.213123080683	308.068461718364	263.400163324169	-1.26174027752408	0.214421030429653	-5.88440543819714	3.99487459701891e-09	7.47318971489551e-07
ENSMUSG00000030342	Cd9	307.282702477004	380.841566790217	293.653524654521	589.96349865999	584.204259274518	492.71819187875	441.443957289167	-0.765289977411478	0.130591431212245	-5.86018523809333	4.62351128248331e-09	8.53069499503666e-07
ENSMUSG00000048582	Gja3	272.316050126173	188.783928523518	304.175312182859	113.70205610538	113.885056495479	121.505262851653	185.727944380843	1.1343653756599	0.195213830570359	5.81088631038901	6.21429562753995e-09	1.10079604890624e-06
ENSMUSG00000024521	Pmaip1	512.844234478862	423.399793451588	726.959865594254	264.947243943668	269.498988653423	321.46274266264	419.852144797406	0.959971282923757	0.166029204062938	5.78194232961481	7.38430244067583e-09	1.27511755863414e-06
ENSMUSG00000063838	Cdc42ep5	206.621127527641	189.875165104578	224.783642650855	361.486725542576	352.087388402053	370.256194673934	284.185040650273	-0.800801947222671	0.138751195181028	-5.77149585038074	7.85708943260046e-09	1.33958401984425e-06
ENSMUSG00000034681	Rnps1	654.830034933754	888.266576983487	960.352243495567	1261.44922622572	1288.37903607862	1364.3031876099	1069.59671755451	-0.64404634932541	0.112233666837324	-5.73844165903371	9.55516673107651e-09	1.53212548453416e-06
ENSMUSG00000022371	Col14a1	111.257530207191	93.8463459712284	72.6959865594254	252.075313063814	209.513729888629	178.90932404141	153.049704955283	-1.20677813154083	0.210784580206831	-5.72517273491582	1.03328552222152e-08	1.61829333706995e-06
ENSMUSG00000067942	Zfp160	1156.01871862901	1046.4958812373	841.743002267031	680.06701481897	624.194431784381	662.060172388533	835.096536854204	0.630252733245728	0.110631120502412	5.69688465942985	1.22016412750311e-08	1.8675443901522e-06
ENSMUSG00000070720	Tmem200b	49.8009897117904	67.6566680257693	26.7827318903146	174.843727784688	168.654205802465	110.981184966864	99.7865846969819	-1.66380595678932	0.293996708936012	-5.65926728503426	1.52020635226942e-08	2.30063588300189e-06
ENSMUSG00000027832	Ptx3	180.131239383071	168.050433483362	170.261652731286	391.521230928902	306.011754858081	281.27989982981	249.542701869086	-0.914547503459628	0.162340920576237	-5.63349955275231	1.76588975929055e-08	2.58530099650918e-06
ENSMUSG00000021943	Gdf10	747.014845676855	1139.25099062747	857.047420490068	1928.64431016484	2209.02235538177	1829.27608324693	1451.70933426466	-1.12143909813648	0.200560718278252	-5.59151915571339	2.25091455371256e-08	3.1815466341355e-06
ENSMUSG00000031636	Pdlim3	99.6019794235807	146.225701862147	100.43524458868	286.400462076759	257.328066585204	204.741151576801	182.455434352195	-1.11395997438326	0.199268940742102	-5.5902338329031	2.26764033615716e-08	3.1815466341355e-06
ENSMUSG00000071267	Zfp942	523.44018973669	544.527053949337	412.262765883057	297.127071143304	308.619809586985	286.063571595624	395.340076982499	0.728954192296913	0.132847771591048	5.48713902812679	4.08495627887925e-08	5.50202761202246e-06
ENSMUSG00000050558	Prokr2	180.131239383071	217.156079631098	184.609544815383	83.6675507190531	99.1060796983557	94.7167009630994	143.231199201677	1.06444736614957	0.194060182975153	5.48514048492808	4.13140960337956e-08	5.5095005889029e-06
ENSMUSG00000038305	Spats2l	615.625000479791	688.570282649362	560.524317418727	1056.57099305471	909.341748811229	845.753168195757	779.397585101596	-0.59257953198294	0.108426235485126	-5.46527811586919	4.62181587597474e-08	6.10306255230429e-06
ENSMUSG00000024529	Lox	131.389845197064	172.415379807606	92.7830354771614	332.524881062903	272.976394958629	243.010525703306	207.516677034445	-1.100462526562	0.204430041146461	-5.38307638344402	7.3223446789035e-08	9.13191300742142e-06
ENSMUSG00000026459	Myog	65.694922598532	57.8355387962221	46.8697808080506	211.314198610942	126.055978563698	122.461997204815	105.038736097043	-1.43086315669213	0.26593261817743	-5.38054777371258	7.42595281443727e-08	9.17616132639042e-06
ENSMUSG00000033882	Rbm46	19.0727194640899	10.9123658106079	13.3913659451573	63.2869934926171	54.7691493069861	68.8848734277087	38.3862445745278	-2.10652658827154	0.394076957467501	-5.34547008738835	9.01826910720417e-08	1.07492979296401e-05
ENSMUSG00000031738	Irx6	18.0131239383071	38.1932803371278	17.2174705009165	101.90278613218	90.4125639353421	69.8416077808713	55.9301387707908	-1.8440515337872	0.35220187059925	-5.23578006740753	1.6428949251352e-07	1.88951473392052e-05
ENSMUSG00000030074	Gxylt2	279.733218806652	373.202910722792	236.261956318133	598.544785913226	493.791695339176	458.275755164895	406.635053710812	-0.803611415917311	0.156606296977184	-5.1314118999595	2.87576820352147e-07	3.0721162295879e-05
ENSMUSG00000024544	Ldlrad4	229.932229094862	305.546242697023	207.566172149938	445.154276261629	421.635514506163	394.174553503	334.001498035436	-0.765278862395798	0.149452950892198	-5.12053363836089	3.04672262067945e-07	3.19446642355513e-05
ENSMUSG00000006538	Ihh	51.9201807633559	79.660270417438	55.4785160585089	152.317848744943	212.121784617533	112.894653673189	110.732209045828	-1.35652489856125	0.266477976436927	-5.09057039797182	3.56988002449499e-07	3.67043618701702e-05
ENSMUSG00000051747	Ttn	62.5161360211836	82.9339801606204	91.8265093382216	270.310548476941	163.438096344657	143.510152974393	135.755903886003	-1.27715747519529	0.251199187955333	-5.08424205345118	3.69096994777832e-07	3.76618744141108e-05
ENSMUSG00000078670	Fam174b	362.381669817709	393.936405762947	365.392985075007	637.160578552789	606.807400258353	488.891254466099	475.761715655484	-0.627324783365729	0.123680679309253	-5.07213242091886	3.93382485016713e-07	3.9540811124553e-05
ENSMUSG00000021186	Fbln5	393.109940065409	592.541463516012	398.8713999379	820.585593590713	698.089315769997	729.031577109917	605.371548331658	-0.699925812012843	0.138479312130918	-5.05437094712845	4.31811621166176e-07	4.30820053739794e-05
ENSMUSG00000009471	Myod1	47.6817986602248	78.5690338363772	51.6524115027496	163.044457811488	146.051064818629	117.678325439002	100.779515344745	-1.26491814735477	0.252894161993818	-5.00176887193502	5.6806670425661e-07	5.31339613863353e-05
ENSMUSG00000041695	Kcnj2	509.665447901514	352.469415682637	438.088971634432	231.694755837378	254.7200118563	285.106837242461	345.290906692454	0.752334849419569	0.150406007980696	5.00202657806149	5.67307668613309e-07	5.31339613863353e-05
ENSMUSG00000015970	Chdh	6.35757315469664	29.4633876886415	6.69568297257866	64.3596543992716	80.849696596027	61.2309986024077	41.4928322356039	-2.29752097346647	0.462629487803343	-4.96622250426698	6.82696229395796e-07	6.13015700915465e-05
ENSMUSG00000028977	Casz1	247.945353033169	180.054035875031	244.870691568591	116.920038825343	98.2367281220544	131.072606383279	169.849908967911	0.962054620701258	0.1945724812021	4.9444536799733	7.6357693653661e-07	6.72197239098798e-05
ENSMUSG00000064179	Tnnt1	74.1716868047941	120.036023916687	104.261349144439	260.65660031705	216.46854249904	162.644840037646	156.373173786609	-1.09848525695196	0.222558821543409	-4.93570755512699	7.98606986863136e-07	6.9396371006836e-05
ENSMUSG00000026344	Lypd1	84.7676420626219	120.036023916687	75.5655649762448	212.386859517596	192.996049938903	171.255449216109	142.83459827136	-1.04355563518833	0.212023329593982	-4.92189061074886	8.57121216933288e-07	7.35322654195825e-05
ENSMUSG00000070691	Runx3	49.8009897117904	33.8283340128846	17.2174705009165	140.518578771743	134.749494326712	66.0146703682208	73.6882562820445	-1.76532810353634	0.359542651763209	-4.90992680528752	9.11103938681269e-07	7.66978684381125e-05
ENSMUSG00000030730	Atp2a1	39.2050344539626	44.7406998234926	40.1740978354719	123.356004265271	117.362462800684	80.3656856656601	74.200664140757	-1.37140743090093	0.280469983595349	-4.88967629733792	1.0100193007762e-06	8.34598157187403e-05
ENSMUSG00000010830	Kdelr3	154.700946764285	150.59064818639	135.826711729453	252.075313063814	253.850660279999	249.707666175444	199.458657699897	-0.778010363229778	0.16051993312935	-4.84681464826453	1.2545954008706e-06	0.000100584199132893
ENSMUSG00000041703	Zic5	156.82013781585	122.218497078809	149.21807767461	75.0862634658169	55.6385008832874	67.9281390745461	104.48493599882	1.11424144570614	0.230607454445621	4.8317668151048	1.35326701661763e-06	0.000106591540624695
ENSMUSG00000018217	Pmp22	334.832186147356	469.231729856142	302.262259904979	645.741865806025	596.375181342737	542.468378243206	481.818600216741	-0.691551737005857	0.144630644592704	-4.78150214260155	1.73990148631492e-06	0.000131655804040313
ENSMUSG00000030218	Mgp	85.8272375884046	70.9303777689517	48.7828330859302	168.407762344761	136.488197479314	148.293824740206	109.788372167928	-1.14364893703982	0.239618449342575	-4.77279166181723	1.81689713535011e-06	0.000136713896737601
ENSMUSG00000048616	Nog	242.647375404255	410.304954478859	267.827318903146	477.334103461264	535.520571001641	549.165518715344	413.799973660752	-0.765040245198516	0.160537787624149	-4.76548391827616	1.88400924532477e-06	0.000140632291748649
ENSMUSG00000032036	Kirrel3	240.52818435269	312.093662183387	287.914367820882	420.483075408575	515.52548474671	405.655365740951	363.700023375532	-0.676305035659004	0.142031344840001	-4.76166043784817	1.92006561668937e-06	0.000142095405446094
ENSMUSG00000031595	Pdgfrl	77.3504733821425	93.8463459712284	107.130927561259	192.00630229116	212.121784617533	153.077496506019	139.25555505489	-0.999862642502534	0.210512916313493	-4.74964985527802	2.03769152651764e-06	0.000146768273639925
ENSMUSG00000034800	Zfp661	309.40189352857	309.911189021266	229.566273345554	161.971796904834	143.443010089725	176.995855335085	221.881669704172	0.81478656506942	0.171656082132889	4.74662217001228	2.06841810491794e-06	0.000148188954548616
ENSMUSG00000019997	Ccn2	133.509036248629	190.966401685639	164.522495897647	303.563036583231	297.318239095067	252.577869234932	223.742846457524	-0.803751956540652	0.169429972060824	-4.74385934651581	2.09684467530279e-06	0.00014943069276007
ENSMUSG00000101174	Hoxd4	115.495912310322	40.3757534992494	74.609038837305	12.8719308798543	20.8644378312328	25.8318275353908	48.3414834822258	1.94514962679219	0.410804960996657	4.73497112126652	2.19086292093815e-06	0.000154495982628879
ENSMUSG00000086596	Susd5	137.747418351761	193.148874847761	119.565767367476	264.947243943668	359.911552588766	239.183588290655	219.084074231681	-0.944761978188237	0.200530645353464	-4.71130971788856	2.4612984328988e-06	0.000170006300475456
ENSMUSG00000029123	Stk32b	143.045395980674	210.608660144733	107.130927561259	294.981749329995	355.564794707259	254.491337941257	227.63714427753	-0.978977835247129	0.208201627789075	-4.70206619248391	2.57541975450155e-06	0.000176004394070621
ENSMUSG00000067578	Cbln4	47.6817986602248	34.9195705939454	39.2175716965321	7.50862634658169	8.69351576301366	8.61060917846359	24.4386153731269	2.29170471954112	0.488172837137462	4.69445357299921	2.67320311811203e-06	0.000180026863989254
ENSMUSG00000025081	Tdrd1	61.4565404954009	66.5654314447085	51.6524115027496	123.356004265271	115.623759648082	153.077496506019	95.2886073103718	-1.1283510796021	0.241708779979211	-4.6682254558529	3.03812407852254e-06	0.000201578784303547
ENSMUSG00000029096	Htra3	76.2908778563597	73.1128509310733	79.3916695320041	151.245187838288	169.523557378766	135.856278149092	114.236736947597	-0.99716052073967	0.214200881747721	-4.65525871137213	3.23574146635966e-06	0.000212596106392187
ENSMUSG00000058656	Samd12	274.435241177738	270.626672103077	308.001416738618	159.826475091525	164.307447920958	192.303604985687	228.250143002934	0.72450384770624	0.156063568204346	4.64236372423314	3.44445815511485e-06	0.000224122738605033
ENSMUSG00000033544	Angptl1	168.475688599461	123.30973365987	88.0004047824623	291.763766610031	230.378167719862	223.875838640053	187.63393333529	-0.975758328471763	0.211983861498138	-4.6029840270663	4.16480181834195e-06	0.00025970238745948
ENSMUSG00000031737	Irx5	135.628227300195	198.605057753065	189.392175510082	308.926341116504	319.921380078903	268.842353238696	236.885922499574	-0.77730696724539	0.168944781485366	-4.6009528108018	4.20562706858193e-06	0.000261039589800599
ENSMUSG00000051279	Gdf6	245.826161981603	328.462210899299	258.262057513748	467.680155301374	409.464592437943	419.049646685228	354.790804136533	-0.639015176932074	0.138986500705611	-4.59767800245279	4.27225583777394e-06	0.000263958779261363
ENSMUSG00000020467	Efemp1	190.727194640899	258.623069711408	184.609544815383	347.542133756067	325.137489536711	363.559054201796	278.366414443711	-0.710880092768547	0.155323276965044	-4.57677758710006	4.72193015503061e-06	0.000285200346448911
ENSMUSG00000015501	Hivep2	129.270654145498	114.579841011383	136.783237868393	237.05806037065	228.639464567259	199.957479810988	174.381456295695	-0.804095566363718	0.176197273491135	-4.5636095861845	5.02815446782842e-06	0.000299664657199916
ENSMUSG00000023886	Smoc2	837.080465368391	1017.03249354866	619.828938032996	1306.50098430521	1331.84661489369	1100.24450613701	1035.42233371433	-0.597221514217027	0.131364897574413	-4.54627929716708	5.46025689481872e-06	0.000322562281211901
ENSMUSG00000030518	Fam189a1	75.2312823305769	111.306131268201	59.3046206142681	175.916388691342	188.649292057396	148.293824740206	126.450256616999	-1.06670420643235	0.235719992457095	-4.52530222537874	6.03092577927466e-06	0.00034862892412468
ENSMUSG00000014164	Klhl3	345.428141405184	344.830759615211	344.349410018331	212.386859517596	226.900761414657	239.183588290655	285.513253376939	0.607611424316231	0.13527459753592	4.49168901910714	7.06605491596136e-06	0.000394907442585409
ENSMUSG00000037894	H2az1	297.746342744959	380.841566790217	330.001517934234	216.677503144214	230.378167719862	163.601574390808	269.874445454049	0.722885202167307	0.16213736297282	4.45847390701973	8.25452429343896e-06	0.000448307208501328
ENSMUSG00000048612	Myof	139.866609403326	285.903984237928	217.131433539336	478.406764367919	385.122748301505	328.159883134779	305.765237164132	-0.889866920269724	0.19993239040693	-4.45083919848377	8.55353734789027e-06	0.000457116044611769
ENSMUSG00000036169	Sostdc1	224.634251465948	208.426186982612	134.870185590513	337.888185596176	349.479333673149	288.933774655111	257.371986327252	-0.785253170017114	0.17836567558421	-4.40249037515282	1.07015338886116e-05	0.000543209827368428
ENSMUSG00000029563	Foxp2	440.791738725634	542.344580787215	338.610253184692	726.191433805115	688.526448430682	607.526314258264	557.331794865267	-0.615470450815565	0.140857681147376	-4.36944897716734	1.24560438100695e-05	0.000612300927291334
ENSMUSG00000059857	Ntng1	68.8737091758803	73.1128509310733	66.9568297257866	184.497675944579	135.618845903013	112.894653673189	106.99242755892	-1.04884685307569	0.240761862412171	-4.35636625571589	1.32239432369912e-05	0.000640695293018111
ENSMUSG00000028081	Rps3a1	28.6090791961349	1324.7612094078	1486.44161991246	17.1625745064724	13.0402736445205	29.6587649480412	483.278920269239	5.56832041049641	1.28031212049314	4.34918979627532	1.36641416624408e-05	0.000652632354792253
ENSMUSG00000063804	Lin28b	281.852409858218	161.503013996998	261.131635930568	124.428665171925	129.533384868904	126.288934617466	180.789674074013	0.890666149741905	0.205017343509026	4.34434538316361	1.39691589845925e-05	0.000664843117892142
ENSMUSG00000039376	Synpo2l	43.4434165570937	74.2040875121341	49.73935922487	142.663900585052	126.055978563698	102.3705757884	89.7462197052081	-1.15055732735826	0.264894925271585	-4.34344797726358	1.40263704092301e-05	0.000665215433246197
ENSMUSG00000031891	Hsd11b2	682.379518604106	422.308556870528	581.567892475403	372.213334609121	342.524521062738	369.299460320772	461.715547323778	0.638714248265012	0.147508613114332	4.33001324315857	1.49100374824766e-05	0.000704643139829745
ENSMUSG00000048138	Dmrt2	73.1120912790114	77.4777972553164	88.9569309214021	204.878233171015	145.181713242328	130.115872030116	119.953772983198	-0.997932794306622	0.230658724118149	-4.32644721383033	1.51533612394856e-05	0.000711151994894186
ENSMUSG00000038402	Foxf2	11.6555507836105	25.0984413643983	4.78263069469904	67.5776371192352	44.3369303913697	54.5338581302694	34.6641747472637	-2.01735556008663	0.470648090755231	-4.28633537395096	1.81644698828891e-05	0.000810123327326601
ENSMUSG00000089661	Mia	65.694922598532	69.8391411878909	42.0871501133516	124.428665171925	147.789767971232	108.110981907376	92.991771491718	-1.10545154317196	0.258264858990688	-4.28030180912772	1.86640032797028e-05	0.000824585701554951
ENSMUSG00000004892	Bcan	5.29797762891387	0	3.82610455575923	18.235235413127	33.9047114757533	28.7020305948786	14.994343278072	-3.13521126390435	0.735240422544412	-4.26419871346908	2.00620844467515e-05	0.000866077613504153
ENSMUSG00000028626	Col9a2	3452.16222300028	3527.96786656955	2475.48964757622	4821.6107754121	5192.63696524806	5036.24963504804	4084.35285214237	-0.670827780131214	0.157618590342226	-4.25601941163599	2.08098647263683e-05	0.000889803390474457
ENSMUSG00000024330	Col11a2	884.762264028616	1280.02050958431	779.568803235944	1885.73787389866	2115.13238514122	1824.49241148112	1461.61904122831	-0.98485515175937	0.232267970387195	-4.24016772574195	2.23352831759419e-05	0.000936931284274175
ENSMUSG00000030772	Dkk3	351.785714559881	503.060063869026	334.784148628933	566.36495871359	714.606995719723	556.819393540645	504.5702125053	-0.630463574939889	0.148710778284211	-4.23952844719142	2.23989808847193e-05	0.000936931284274175
ENSMUSG00000037624	Kcnk2	66.7545181243147	76.3865606742556	54.5219899195691	141.591239678398	146.051064818629	110.024450613701	99.2216373048113	-1.01233700149532	0.239852962246805	-4.22065665569577	2.43591708651565e-05	0.00101263479130492
ENSMUSG00000057123	Gja5	89.006024165753	135.313336051539	68.8698820036662	235.985399463996	213.860487770136	147.337090387044	148.395369973689	-1.03006182542261	0.244371845238276	-4.21514116905835	2.49621995452635e-05	0.00103133701127348
ENSMUSG00000021697	Depdc1b	594.433089964136	623.096087785714	425.654131828215	361.486725542576	383.384045148902	347.294570198031	455.891441744596	0.587020230557604	0.139342393508765	4.21278991824323	2.52235644967425e-05	0.00103578106770313
ENSMUSG00000040473	Cfap69	121.853485465019	116.762314173505	85.1308263656429	40.761114452872	53.0304461543833	53.5771237771068	78.5192183980882	1.12858243792153	0.267996789963474	4.21117894014831	2.54041412849264e-05	0.00104002546798381
ENSMUSG00000028003	Lrat	7.41716868047941	15.2773121348511	0	46.1244189861447	35.643414628356	44.0097802454805	24.745349112552	-2.49758959016785	0.594780205612236	-4.1991807504706	2.67882425281467e-05	0.00109006295653054
ENSMUSG00000056895	H2bu2	32.847461299266	64.3829582825869	19.1305227787962	94.3941597855984	99.9754312746571	115.764856732677	71.0825650255969	-1.42468509351621	0.340596144609779	-4.18291609010568	2.8779363436806e-05	0.00112848157745882
ENSMUSG00000026208	Des	20.1323149898727	31.6458608507631	39.2175716965321	101.90278613218	70.4174776804106	68.8848734277087	55.3668141295779	-1.39778028852327	0.335274449343921	-4.16906296098168	3.05854497537725e-05	0.0011837799503838
ENSMUSG00000017491	Rarb	285.031196435566	462.684310369777	252.522900680109	559.928993273663	611.15415813986	479.323910934473	441.774244972241	-0.725196814933266	0.173995975083243	-4.16789419747391	3.0742656165096e-05	0.00118645511715667
ENSMUSG00000031734	Irx3	67.8141136500975	98.2112922954715	88.9569309214021	163.044457811488	154.744580581643	152.120762152857	120.815356235493	-0.881376794574577	0.212783143347689	-4.14213635867952	3.44085658130734e-05	0.00129455020373264
ENSMUSG00000052133	Sema5b	314.699871157484	235.707101509132	245.827217707531	155.535831464906	173.870315260273	168.385246156621	215.670930542658	0.675698620252432	0.167311425409068	4.0385683081737	5.37784333458779e-05	0.00183377650312818
ENSMUSG00000071984	Fndc1	68.8737091758803	76.3865606742556	63.1307251700273	133.009952425161	121.709220682191	135.856278149092	99.8277410461013	-0.907550361509115	0.225284298883571	-4.02846699040551	5.61417415448679e-05	0.00189517071896698
ENSMUSG00000039246	Lyplal1	210.859509630772	262.988016035652	215.218381261457	148.027205118325	129.533384868904	147.337090387044	185.660597883692	0.698299619751262	0.173495035410973	4.02489683982678	5.70002971396899e-05	0.00191455611514834
ENSMUSG00000022780	Meltf	25.4302926187866	28.3721511075807	21.0435750566758	66.5049762125807	62.5933134936984	63.144467308733	44.5147959663425	-1.36440683894851	0.339467854443467	-4.01925195887945	5.83832098676179e-05	0.00195127407867729
ENSMUSG00000062646	Ganc	151.522160186937	309.911189021266	201.8270153163	130.864630611852	102.583486003561	116.72159108584	168.905012037626	0.922755546514729	0.231301644521568	3.98940331108925	6.62397128747068e-05	0.00218672228605251
ENSMUSG00000021390	Ogn	12.7151463093933	12.0036023916687	13.3913659451573	90.1035161589803	59.1159071884929	15.3077496506019	33.7728812740491	-2.10545490619079	0.530904572191653	-3.96578785806865	7.31539059404491e-05	0.00236853355555747
ENSMUSG00000030672	Mylpf	67.8141136500975	56.7443022151613	63.1307251700273	185.570336851233	102.583486003561	107.154247554214	97.1662019073823	-1.06902503238112	0.269542792354797	-3.9660679591609	7.30680369757436e-05	0.00236853355555747
ENSMUSG00000068854	H2bc21	174.833261754158	368.837964398549	247.74026998541	151.245187838288	131.272088021506	152.120762152857	204.341589025128	0.864815941077225	0.219977617637123	3.93138152129565	8.44591164146018e-05	0.00264553450927505
ENSMUSG00000038259	Gdf5	1319.19642959955	1980.59439462534	1307.57123193072	2764.24715644872	2914.93583533848	2572.65867565429	2143.20062059952	-0.841029633351214	0.214505791274811	-3.92077821467179	8.82634688247774e-05	0.00272857134049713
ENSMUSG00000044921	Rassf9	138.807013877543	89.4813996469852	140.609342424152	67.5776371192352	59.1159071884929	59.3175298960825	92.4848050254151	0.992207636958163	0.253283649957687	3.91737736377345	8.95175600057389e-05	0.00275737546814044
ENSMUSG00000052396	Mogat2	354.964501137229	168.050433483362	142.522394702031	96.5394815989074	110.407650190273	114.808122379514	164.54876391522	1.04610855147279	0.268158431845334	3.90108393860298	9.57629364486202e-05	0.00291158237252024
ENSMUSG00000028364	Tnc	565.824010768001	773.686735972104	390.262664687442	1348.33475966474	1315.32893494397	1095.4608343712	914.816323401242	-1.12038563766755	0.290476384246765	-3.85706273703738	0.000114757715997721	0.003374828988588
ENSMUSG00000033717	Adra2a	9.53635973204496	39.2845169181886	11.4783136672777	75.0862634658169	66.9400713752052	52.6203894239441	42.4909857637462	-1.70098112814589	0.443294535824527	-3.83713533707801	0.0001244778792505	0.00359013395208775
ENSMUSG00000021411	Pxdc1	75.2312823305769	68.7479046068301	60.2611467532079	111.556734292071	139.96560378452	126.288934617466	97.0086010641119	-0.891914460295584	0.232794844621106	-3.83133252691764	0.000127451114107557	0.00365242352322274
ENSMUSG00000034282	Evpl	128.211058619716	169.141670064423	106.174401422319	212.386859517596	232.986222448766	220.048901227403	178.158185550037	-0.726336309133333	0.189708794165934	-3.8286907695909	0.000128826752127486	0.00368400748281339
ENSMUSG00000032179	Bmp5	268.077668023042	195.331348009882	243.914165429651	149.099866024979	137.357549055616	158.817902624995	192.099749861361	0.669533524327902	0.17587644367007	3.80684024737214	0.000140753600794718	0.00395785020689783
ENSMUSG00000046182	Gsg1l	11.6555507836105	13.0948389727295	3.82610455575923	37.5431317329084	45.206281967671	28.7020305948786	23.3379897679262	-1.98107708272849	0.522364524654126	-3.79251842195874	0.000149127183792851	0.00409082288901408
ENSMUSG00000021061	Sptb	338.010972724705	154.955594510633	311.827521294377	117.992699731998	156.483283734246	161.688105684483	206.82636294674	0.882875281742127	0.233348027409535	3.78351294220562	0.000154630280015248	0.00419902266436568
ENSMUSG00000035783	Acta2	150.462564661154	124.400970240931	210.435750566758	355.050760102648	287.755371755752	206.654620283126	222.460006268395	-0.80279242170289	0.212264714169435	-3.78203426247323	0.00015555194515769	0.0042070866452388
ENSMUSG00000004655	Aqp1	98.5423838977979	88.3901630659244	81.3047218098837	247.784669437196	123.447923834794	146.380356033881	130.975036346579	-0.944422066029862	0.251149767894302	-3.7603939432161	0.000169645987881235	0.00450569147832878
ENSMUSG00000038415	Foxq1	7.41716868047941	14.1860755537903	1.91305227787962	46.1244189861447	26.080547289041	33.4857023606917	21.5344941913378	-2.18601348171371	0.581247495290029	-3.76089961578748	0.000169303368096165	0.00450569147832878
ENSMUSG00000053626	Tll1	48.7413941860076	96.0288191333499	56.4350421974487	142.663900585052	137.357549055616	116.72159108584	99.6580493738856	-0.983123869029288	0.261791115432896	-3.75537522502855	0.000173081974066152	0.00457106099744509
ENSMUSG00000026950	Neb	41.3242255055282	37.102043756067	36.3479932797127	117.992699731998	71.286829256712	68.8848734277087	62.1564441596211	-1.16500522991629	0.312379727315181	-3.7294520996263	0.000191896580067926	0.0049730143763591
ENSMUSG00000068614	Actc1	174.833261754158	76.3865606742556	103.304823005499	678.994353912316	330.353598994519	303.284789952551	277.85956471555	-1.88803036436521	0.508117664575899	-3.71573455518627	0.000202614207640095	0.0051490769107631
ENSMUSG00000015053	Gata2	99.6019794235807	162.594250578058	143.478920840971	235.985399463996	250.373253974793	190.390136279361	180.40399009346	-0.738642591878476	0.198818925902902	-3.7151523101941	0.000203081331975157	0.00515122873893295
ENSMUSG00000047330	Kcne4	19.0727194640899	26.1896779454591	14.3478920840971	53.6330453327263	79.9803450197257	37.3126397733422	38.4227199365734	-1.52993684755018	0.412221540166256	-3.71144323737457	0.000206080884172808	0.00520801787133135
ENSMUSG00000073411	H2-D1	30.7282702477004	60.0180119583437	84.1743002267031	107.266090665453	136.488197479314	130.115872030116	91.4651237679385	-1.09193801631505	0.294209693972542	-3.71142772888021	0.000206093512912585	0.00520801787133135
ENSMUSG00000032033	Barx2	55.0989673407042	63.2917217015261	29.6523103071341	116.920038825343	124.317275411095	79.4089513124975	78.1148774830501	-1.12213816439425	0.302499555610088	-3.7095531004371	0.000207625409723641	0.0052271152216219
ENSMUSG00000038244	Mical2	221.4554648886	186.601455361396	199.91396303842	106.193429758798	132.141439597808	139.683215561743	164.331494701127	0.682383802009144	0.183991351832163	3.70878193574889	0.000208258684464622	0.00523327653181714
ENSMUSG00000025473	Adam8	131.389845197064	97.1200557144107	110.000505978078	46.1244189861447	66.9400713752052	62.1877329555703	85.6271050344121	0.94399346441915	0.255429764990633	3.6957065847583	0.000219276097369921	0.00537965347081142
ENSMUSG00000021765	Fst	221.4554648886	361.199308331123	171.218178870226	405.465822715411	464.233741744929	374.083132086585	332.942608106146	-0.72602229341635	0.196737852256663	-3.69030303568215	0.000223987063507895	0.0054358229880862
ENSMUSG00000051705	Senp8	325.295826415311	237.889574671253	305.131838321799	201.660250451051	188.649292057396	187.519933219874	241.024452522781	0.58956386185026	0.159796899131246	3.68945746166221	0.000224732799684996	0.00544411165280074
ENSMUSG00000028023	Pitx2	38.1454389281798	48.014409566675	66.9568297257866	120.138021545307	100.844782850958	90.889763550449	77.4982076945593	-1.01912490625967	0.277435753379981	-3.67337264157103	0.000239370008352762	0.00570632680089089
ENSMUSG00000028111	Ctsk	107.01914810406	133.130862889417	99.47871844974	212.386859517596	169.523557378766	177.952589688247	149.915289337971	-0.721320657364683	0.196335446477115	-3.67391966304342	0.000238857860113767	0.00570632680089089
ENSMUSG00000037685	Atp8a1	362.381669817709	311.002425602327	301.30573376604	173.771066878033	213.860487770136	258.318275353908	270.106609864692	0.590594999847805	0.161943926403306	3.64691046440967	0.000265412354878046	0.00622794252239095
ENSMUSG00000024776	Stambpl1	165.296902022113	255.349359968226	158.783339064008	288.545783890068	326.876192689314	291.803977714599	247.775925891388	-0.650692565250478	0.178604953024443	-3.64319440324494	0.000269275306861085	0.0062966477571388
ENSMUSG00000026483	Fam129a	84.7676420626219	55.6530656341005	67.9133558647264	146.95454421167	136.488197479314	104.284044494726	99.3434749578599	-0.894590410253618	0.245683651950165	-3.64122888581564	0.000271339766678197	0.00631716366326837
ENSMUSG00000046321	Hs3st2	2.11919105156555	7.63865606742556	4.78263069469904	31.1071662929813	19.9950862549314	23.9183588290655	14.9268481984447	-2.3679599009734	0.652783780266263	-3.62747968401962	0.000286201286698272	0.00655585906554257
ENSMUSG00000026532	Spta1	179.071643857289	178.96279929397	251.56637454117	100.830125225526	97.367376545753	154.990965212345	160.464880779342	0.789379084236174	0.218838693770302	3.60712756339482	0.000309605471488991	0.00696172970865645
ENSMUSG00000061232	H2-K1	83.7080465368391	37.102043756067	50.6958853638098	19.3078963197815	13.9096252208219	27.745296241716	38.7447989065059	1.49609314285741	0.417427703370367	3.5840772684174	0.000338271942348882	0.00746915539589688
ENSMUSG00000036412	Arsi	25.4302926187866	16.3685487159119	19.1305227787962	75.0862634658169	47.8143366965751	41.1395771859927	37.4949235769799	-1.42401696851647	0.398463935034801	-3.5737662641717	0.000351883066763636	0.00768881629149663
ENSMUSG00000028332	Hemgn	103.840361526712	10.9123658106079	68.8698820036662	12.8719308798543	16.517679949726	18.1779527100898	38.5316954801093	1.94707717613357	0.545658893960955	3.56830466374272	0.000359298573081574	0.00780461944199202
ENSMUSG00000036422	Pcdh8	50.8605852375731	75.2953240931948	50.6958853638098	122.283343358616	108.668947037671	101.413841435238	84.8696544210171	-0.912537436763814	0.256464158300598	-3.55814801885198	0.000373478840514383	0.00806151683155165
ENSMUSG00000046814	Gchfr	25.4302926187866	55.6530656341005	64.0872513089671	6.43596543992716	10.4322189156164	24.8750931822281	31.1523145166043	1.79371577869212	0.504613514391373	3.5546328576942	0.000378507225324881	0.00810510940842739
ENSMUSG00000055407	Map6	256.422117239431	188.783928523518	119.565767367476	105.120768852144	99.9754312746571	107.154247554214	146.170376801906	0.853014071193781	0.240402570665935	3.54827350153063	0.000387765343351148	0.00826394210379211
ENSMUSG00000071553	Cpa2	294.567556167611	158.229304253815	247.74026998541	148.027205118325	139.096252208219	134.89954379593	187.093355254885	0.733014046385232	0.207163106247629	3.53834261158951	0.000402647240414508	0.00851374518232811
ENSMUSG00000079259	Trim71	270.196859074607	158.229304253815	275.479528014665	143.736561491707	153.00587742904	129.159137676954	188.301211323465	0.726234685047384	0.206338680348132	3.51962455038527	0.000432158074877737	0.00898261899772876
ENSMUSG00000038725	Pkhd1l1	126.09186756815	101.485002038654	115.739662811717	41.8337753595265	66.0707197989038	73.6685451935218	87.4815954617455	0.912930258188064	0.260227024551026	3.50820695799431	0.00045113794511893	0.00929109630398604
ENSMUSG00000063531	Sema3e	114.43631678454	188.783928523518	122.435345784295	246.712008530541	246.026496093287	199.000745457825	186.232473529001	-0.703121877673344	0.200527178978094	-3.50636697357695	0.000454268441853448	0.00932704518799404
ENSMUSG00000020583	Matn3	30.7282702477004	68.7479046068301	35.3914671407729	115.847377918689	105.191540732465	72.7118108403592	71.4363952478028	-1.12712069117898	0.322060538359106	-3.4997168449188	0.000465752612115283	0.00953377193401329
ENSMUSG00000116673	A630089N07Rik	198.144363321379	224.794735698524	201.8270153163	139.445917865088	130.402736445205	142.55341862123	172.861364544621	0.599599692659509	0.171543960800776	3.495312162903	0.000473507607672373	0.00963394859175104
ENSMUSG00000020000	Moxd1	108.078743629843	145.134465281086	78.4351433930643	210.241537704287	198.212159396711	157.861168271832	149.660536279471	-0.775908072165338	0.223142642999837	-3.47718419811809	0.000506709577930276	0.0101109204520635
ENSMUSG00000036446	Lum	104.899957052495	106.941184943958	44.956728530171	184.497675944579	193.865401515205	121.505262851653	126.111035139677	-0.966490376490316	0.278944843592604	-3.46480818230096	0.000530609795112009	0.0104332603362973
ENSMUSG00000024952	Rps6ka4	145.16458703224	173.506616388666	132.000607173694	199.514928637742	246.026496093287	240.140322643818	189.392259661574	-0.609937087946736	0.176458366969413	-3.45654954436058	0.000547138617980484	0.0106648481122708
ENSMUSG00000074934	Grem1	199.203958847161	156.046831091694	289.827420098762	146.95454421167	108.668947037671	126.288934617466	171.165105984071	0.762351950738956	0.22097733721096	3.44991011458864	0.000560773235258764	0.010852090094397
ENSMUSG00000017740	Slc12a5	167.416093073678	184.418982199274	138.696290146272	97.6121425055619	79.9803450197257	117.678325439002	130.967029730586	0.732688406150098	0.214708764498203	3.41247553569818	0.000643757049601167	0.0119927575395271
ENSMUSG00000055480	Zfp458	73.1120912790114	61.1092485394045	50.6958853638098	28.9618444796722	31.2966567468492	21.0481557695777	44.3706470297208	1.18241940791202	0.347473348324998	3.40290676568978	0.000666730278905793	0.0123016303103865
ENSMUSG00000051022	Hs3st1	18.0131239383071	15.2773121348511	26.7827318903146	55.7783671460354	62.5933134936984	37.3126397733422	35.9595813960915	-1.367073001679	0.401991647095073	-3.40074977069281	0.0006720131210656	0.0123821405302771
ENSMUSG00000039419	Cntnap2	52.9797762891387	100.393765457593	63.1307251700273	139.445917865088	151.267174276438	108.110981907376	102.554723494277	-0.88510020384448	0.26055324805704	-3.39700314789673	0.000681281832369004	0.0125186698501748
ENSMUSG00000038141	Tmem181a	251.124139610517	189.875165104578	166.435548175527	113.70205610538	86.0658060538352	156.90443391867	160.684524828085	0.769096141663582	0.227064137874395	3.38713171028805	0.000706274721718198	0.0128378059741193
ENSMUSG00000004864	Mapk13	103.840361526712	96.0288191333499	75.5655649762448	142.663900585052	153.00587742904	154.034230859182	120.85645908493	-0.711132632338731	0.210003497421786	-3.386289471696	0.000708446112728634	0.0128444524901827
ENSMUSG00000028736	Pax7	3.17878657734832	1.09123658106079	0	27.8891835730177	11.3015704919178	8.61060917846359	8.67856440030136	-3.50808110514432	1.03789800752818	-3.37998635675101	0.000724894280533502	0.0130529425996066
ENSMUSG00000022425	Enpp2	270.196859074607	515.063666260695	232.435851762373	1066.2249412146	865.874169996161	670.670781566997	603.411044979239	-1.35520180388698	0.40192733501817	-3.37175824039368	0.000746899803788685	0.0133776508739758
ENSMUSG00000044288	Cnr1	217.217082785469	125.492206821991	151.13112995249	77.2315852791259	83.4577513249311	119.591794145328	129.020258384889	0.815936955505026	0.243582979172514	3.34972894361043	0.000808906759474625	0.0142049089222474
ENSMUSG00000009633	G0s2	55.0989673407042	34.9195705939454	30.6088364460739	97.6121425055619	64.3320166463011	88.9762948441237	61.924638062785	-1.05633244251608	0.315861953855385	-3.34428515249329	0.000824948981914825	0.0144489438717956
ENSMUSG00000047013	Fbxo41	348.606927982532	222.612262536402	339.566779323632	176.989049597997	178.21707314178	238.226853937493	250.703157753306	0.619085057145197	0.18563192190699	3.33501399320418	0.000852951070068989	0.0148620930954194
ENSMUSG00000035305	Ror1	186.488812537768	127.674679984113	146.348499257791	289.618444796722	237.332980330273	194.217073692012	196.946748433113	-0.645140856300632	0.193477314253968	-3.33445220070498	0.000854675883570698	0.0148729062995009
ENSMUSG00000026394	Atp6v1g3	305.163511425439	138.587045794721	253.479426819049	157.681153278215	101.71413442726	139.683215561743	182.718081217738	0.809546454516387	0.242884066120172	3.33305707306401	0.000858973199679481	0.0148899742940578
ENSMUSG00000022421	Nptxr	123.972676516584	125.492206821991	176.000809564925	210.241537704287	201.689565701917	246.837463115956	180.705709904277	-0.626906472433599	0.188226430606446	-3.33059746398937	0.000866598200449141	0.0149261012299865
ENSMUSG00000013584	Aldh1a2	2920.24526905732	4650.85030848111	2877.23062593094	5939.32344014612	6288.01995138778	6064.73906469785	4790.06810995019	-0.808050266324192	0.242869376139105	-3.32709820879754	0.000877554397691217	0.0150570448184752
ENSMUSG00000031841	Cdh13	89.006024165753	63.2917217015261	65.0437774479069	115.847377918689	153.00587742904	110.981184966864	99.5293272716299	-0.809093335062803	0.243887993357508	-3.31747915887265	0.000908336920061072	0.0154062020308499
ENSMUSG00000066687	Zbtb16	107.01914810406	72.0216143500125	164.522495897647	42.9064362661811	56.5078524595888	70.7983421340339	85.6293148685872	1.01377214926718	0.305893007534545	3.31413966418534	0.00091925578528948	0.0155213517328901
ENSMUSG00000026574	Dpt	10.5959552578277	21.8247316212159	5.73915683363885	49.3424017061082	43.4675788150683	27.745296241716	26.4525200792625	-1.67246895188228	0.50532696327037	-3.30967684973391	0.000934037392585865	0.0156845234711252
ENSMUSG00000046318	Ccbe1	113.376721258757	76.3865606742556	80.3481956709439	43.9790971728356	47.8143366965751	49.7501863644563	68.6091829729705	0.930185191225323	0.28113610081466	3.30866505059253	0.000937419125370645	0.0156865710207456
ENSMUSG00000027547	Sall4	129.270654145498	77.4777972553164	163.565969758707	51.4877235194173	65.2013682226025	77.4954826061723	94.0831659179523	0.931670653627352	0.283049273349923	3.29154935676363	0.000996371309761483	0.0164462318274233
ENSMUSG00000052229	Gpr17	16.9535284125244	15.2773121348511	19.1305227787962	66.5049762125807	41.7288756624656	30.6154993012039	31.7017857504036	-1.42668757833253	0.434247766573998	-3.28542295010149	0.00101829388794054	0.0167669931255148
ENSMUSG00000024114	Prss41	61.4565404954009	76.3865606742556	61.2176728921477	31.1071662929813	32.1660083231505	33.4857023606917	49.3032751731046	1.03863152451503	0.317320738352618	3.27312841230334	0.00106364142841068	0.0174284506073765
ENSMUSG00000037960	Card19	127.151463093933	139.678282375782	116.696188950657	188.788319571197	202.558917278218	183.692995807223	159.761027846168	-0.586951789206722	0.179450078007578	-3.27083607721773	0.00107230046209453	0.017527688014504
ENSMUSG00000056174	Col8a2	211.919105156555	150.59064818639	96.6091400329206	329.30689834294	238.202331906574	209.524823342614	206.025491161332	-0.760148907743843	0.233409460889953	-3.25671849309585	0.00112708150042537	0.0182240825080784
ENSMUSG00000020908	Myh3	91.1252152173185	69.8391411878909	89.913457060342	423.701058128538	166.046151073561	163.601574390808	167.371099509743	-1.58465277211001	0.487354974382007	-3.25153708366152	0.00114782800819939	0.0184268122079112
ENSMUSG00000048706	Lurap1l	34.9666523508315	52.3793558909182	37.3045194186525	83.6675507190531	88.6738607827393	69.8416077808713	61.138924490511	-0.961812572370507	0.29654352760848	-3.24341111110126	0.0011810765730754	0.018803688372048
ENSMUSG00000026418	Tnni1	24.3706970930038	31.6458608507631	22.0001011956156	84.7402116257076	51.2917430017806	44.9665145986432	43.169188060919	-1.21252820437272	0.373882642151673	-3.24307166921334	0.00118248462072385	0.0188038788152651
ENSMUSG00000021950	Anxa8	108.078743629843	135.313336051539	142.522394702031	202.732911357706	196.473456244109	183.692995807223	161.468972965408	-0.593132479423211	0.183400782653471	-3.23407823479093	0.00122036021087131	0.0192696737165599
ENSMUSG00000030247	Kcnj8	1.05959552578277	5.45618290530397	0.956526138939808	24.6712008530541	13.0402736445205	13.3942809442767	9.76301000197964	-2.79594936265894	0.867306328850447	-3.22371608467884	0.00126538789110405	0.0197491419528163
ENSMUSG00000022025	Cnmd	85.8272375884046	50.1968827287966	80.3481956709439	163.044457811488	133.88014275041	95.6734353162621	101.495058644384	-0.854892475042763	0.265331784608165	-3.22197537059213	0.00127310078332428	0.0198006864325575
ENSMUSG00000033006	Sox10	74.1716868047941	137.49580921366	63.1307251700273	169.480423251415	169.523557378766	144.466887327556	126.37818152437	-0.820095503820069	0.254645511284402	-3.22053783584719	0.00127950301958833	0.0198773081555193
ENSMUSG00000025219	Fgf8	121.853485465019	87.2989264848636	117.652715089596	67.5776371192352	53.0304461543833	66.0146703682208	85.5713134468864	0.8134305387356	0.252867611952549	3.21682374604875	0.00129618201103224	0.0200669833409117
ENSMUSG00000055210	Foxd2	34.9666523508315	20.7334950401551	16.2609443619767	48.2697407994537	62.5933134936984	56.4473268365946	39.878578813785	-1.22479265315874	0.380745915282374	-3.21682414439138	0.00129618021147072	0.0200669833409117
ENSMUSG00000036885	Arhgef26	182.250430434637	246.61946731974	142.522394702031	301.417714769922	307.750458010684	251.621134881769	238.69693335313	-0.594709383023567	0.185199727129456	-3.21117850572133	0.00132191792550292	0.0203484714726844
ENSMUSG00000036353	P2ry12	16.9535284125244	12.0036023916687	7.65220911151846	38.615792639563	38.2514693572601	29.6587649480412	23.8558944767626	-1.54846541154465	0.482310011692209	-3.21051890694074	0.00132495551979432	0.0203487182395778
ENSMUSG00000001494	Sost	120.793889939236	90.572636228046	141.565868563092	54.7057062393809	61.723961917397	82.2791543719854	91.9402028765228	0.829372285266795	0.259151672740469	3.200335450265	0.00137267724799348	0.0208725999708293
ENSMUSG00000024109	Nrxn1	79.469664433708	100.393765457593	170.261652731286	183.425015037924	214.729839346437	192.303604985687	156.763923665439	-0.749850620150806	0.234488206719952	-3.19781805080862	0.00138471619217718	0.0209323708108131
ENSMUSG00000020123	Avpr1a	33.9070568250487	37.102043756067	21.0435750566758	62.2143325859626	70.4174776804106	60.2742642492451	47.4931250255683	-1.07542680108389	0.337380380941708	-3.18757954473262	0.00143468989840364	0.0215218006115479
ENSMUSG00000026443	Lrrn2	86.8868331141874	78.5690338363772	74.609038837305	143.736561491707	111.277001766575	138.72648120858	105.634158375789	-0.71213297648211	0.223522675613428	-3.18595406272655	0.00144277503990441	0.0215919300138583
ENSMUSG00000022548	Apod	67.8141136500975	69.8391411878909	60.2611467532079	140.518578771743	108.668947037671	93.7599666099368	90.1436490017578	-0.791626294521115	0.24886992979461	-3.18088366551329	0.00146826577455212	0.0218938003341979
ENSMUSG00000055567	Unc80	87.9464286399702	105.849948362897	98.5221923108002	60.0690107726535	50.4223914254792	56.4473268365946	76.5428830580658	0.811055087236353	0.254945856826215	3.18128365502018	0.00146623990220739	0.0218938003341979
ENSMUSG00000025189	Cnnm1	25.4302926187866	37.102043756067	28.6957841681942	74.0136025591624	53.0304461543833	64.1012016618956	47.0622284864149	-1.06582028828978	0.335873602763495	-3.17327792217205	0.00150728163823399	0.0223427442655991
ENSMUSG00000039200	Atf7ip2	74.1716868047941	68.7479046068301	65.0437774479069	33.2524881062903	29.5579535942464	42.0963115391553	52.1450203498705	0.988095807373189	0.311528102717705	3.17177101761687	0.00151512420842632	0.0223911369376139
ENSMUSG00000040569	Slc26a7	44.5030120828765	62.2004851204653	24.869679612435	89.0308552523257	79.1109934434243	94.7167009630994	65.7386210791044	-1.00571493264432	0.317332100753423	-3.16928205579112	0.00152816018141649	0.0224672269326205
ENSMUSG00000028197	Col24a1	161.058519918982	337.192103547786	117.652715089596	586.745515940026	532.043164696436	530.030831652092	377.453808474153	-1.42161949313798	0.448835131310065	-3.16735343106618	0.00153833233388622	0.0225215197881668
ENSMUSG00000002020	Ltbp2	21.1919105156555	26.1896779454591	15.3044182230369	56.8510280526899	54.7691493069861	37.3126397733422	35.2698039695283	-1.25420569331846	0.396546329695576	-3.16282259952147	0.00156247513038587	0.0227759497090555
ENSMUSG00000091183	Gm5141	201.323149898727	182.236509037153	146.348499257791	120.138021545307	126.055978563698	89.9330291972863	144.33919791666	0.654580777757379	0.206952972922789	3.16294454973398	0.00156182076849663	0.0227759497090555
ENSMUSG00000022240	Ctnnd2	82.6484510110563	87.2989264848636	81.3047218098837	130.864630611852	145.181713242328	124.375465911141	108.612318178521	-0.674283025422498	0.213941369928412	-3.15171874260748	0.00162312536304238	0.023476526233766
ENSMUSG00000039208	Metrnl	56.158562866487	77.4777972553164	48.7828330859302	95.4668206922529	135.618845903013	95.6734353162621	84.8630491865436	-0.848367051520166	0.269196811995344	-3.15147510563698	0.00162448009873561	0.023476526233766
ENSMUSG00000039084	Chad	49.8009897117904	63.2917217015261	21.0435750566758	100.830125225526	104.322189156164	72.7118108403592	68.6667352820068	-1.05910205400272	0.337721955078312	-3.13601777461325	0.00171258823748775	0.0243578151749973
ENSMUSG00000029167	Ppargc1a	155.760542290068	172.415379807606	150.17460381355	90.1035161589803	112.146353342876	108.110981907376	131.451896220076	0.619732038131746	0.19858802755157	3.12069184518594	0.00180426730999804	0.0253670943615486
ENSMUSG00000030223	Ptpro	8.47676420626219	28.3721511075807	11.4783136672777	52.5603844260718	40.8595240861642	38.2693741265048	30.0027519366436	-1.45296845949048	0.466812235800649	-3.11253293735634	0.00185489314456998	0.0258543057627644
ENSMUSG00000070867	Trabd2b	45.5626076086593	67.6566680257693	56.4350421974487	131.937291518507	106.930243885068	73.6685451935218	80.365066404829	-0.879845481233289	0.282697122354617	-3.1123255656264	0.00185619672378003	0.0258543057627644
ENSMUSG00000061816	Myl1	11.6555507836105	17.4597852969727	7.65220911151846	53.6330453327263	23.4724925601369	32.5289680075291	24.400341848749	-1.57867649720811	0.50986738771586	-3.09624921154572	0.00195985568946149	0.0267992855648293
ENSMUSG00000031962	Cdh15	45.5626076086593	42.558226661371	48.7828330859302	121.210682451962	77.3722902908216	65.0579360150582	66.7574293523003	-0.939174227225474	0.303628371276268	-3.09317019117074	0.00198030531830685	0.0269896195841169
ENSMUSG00000047428	Dlk2	43.4434165570937	40.3757534992494	41.1306239744117	78.3042461857805	77.3722902908216	74.6252795466844	59.2086016756736	-0.882057494444064	0.285441620325877	-3.09015025011788	0.00200055265028778	0.0271437600152325
ENSMUSG00000030616	Sytl2	83.7080465368391	116.762314173505	57.3915683363885	138.373256958434	152.136525852739	142.55341862123	115.154188413189	-0.754413159268772	0.244197487517396	-3.08935676176861	0.00200590405647432	0.0271479788931919
ENSMUSG00000021209	Ppp4r4	85.8272375884046	93.8463459712284	118.609241228536	53.6330453327263	59.9852587647943	58.3607955429199	78.3769874047683	0.794937645130437	0.257874053388756	3.08265850978049	0.00205160435779612	0.027522967226251
ENSMUSG00000015843	Rxrg	16.9535284125244	28.3721511075807	28.6957841681942	71.8682807458533	49.5530398491779	44.9665145986432	40.0682164803289	-1.16228692567651	0.378119564407956	-3.07386085006305	0.00211307967058371	0.0280404631360512
ENSMUSG00000091898	Tnnc1	24.3706970930038	22.9159682022767	24.869679612435	80.4495679990895	52.161094578082	34.4424367138543	39.8682406997902	-1.20537706459446	0.394151035708087	-3.05816033802629	0.00222700384033033	0.0292069276781006
ENSMUSG00000056569	Mpz	16.9535284125244	15.2773121348511	16.2609443619767	55.7783671460354	35.643414628356	31.5722336543665	28.5809667230184	-1.33707624524435	0.437669824034176	-3.05498842236823	0.0022506921026983	0.029403076557947
ENSMUSG00000018648	Dusp14	78.4100689079252	70.9303777689517	72.6959865594254	104.048107945489	145.181713242328	114.808122379514	97.6790628006057	-0.717010053112101	0.234765160652292	-3.05415867976278	0.00225692670402353	0.029447844930624
ENSMUSG00000057143	Trim12c	203.442340950293	181.145272456092	149.21807767461	131.937291518507	111.277001766575	109.067716260539	147.681283437769	0.600450647673096	0.196614385480872	3.05395073816464	0.00225849163362793	0.029447844930624
ENSMUSG00000036887	C1qa	100.661574949363	63.2917217015261	62.1741990310875	128.719308798543	125.186626987397	123.418731557978	100.575360504316	-0.740255107570668	0.242482132339705	-3.05282331703355	0.00226699371530493	0.0295015829482533
ENSMUSG00000026253	Chrng	8.47676420626219	10.9123658106079	7.65220911151846	40.761114452872	19.1257346786301	26.7885618885534	18.9527916914073	-1.6778445874053	0.5515860606469	-3.04185458464546	0.00235125452277381	0.0302465586437667
ENSMUSG00000039579	Grin3a	61.4565404954009	177.87156271291	74.609038837305	314.289645649776	279.93120756904	259.27500970707	194.57216749525	-1.4441998128247	0.474819608875845	-3.04157576020061	0.00235343332531498	0.0302465586437667
ENSMUSG00000030222	Rerg	45.5626076086593	65.4741948636477	41.1306239744117	86.8855334390167	104.322189156164	82.2791543719854	70.9423839023141	-0.852103386166711	0.280762329456788	-3.0349633720996	0.00240564900454657	0.030683415191513
ENSMUSG00000075307	Klhl41	29.6686747219177	34.9195705939454	26.7827318903146	94.3941597855984	52.161094578082	48.7934520112937	47.7866139301919	-1.09277683828924	0.36015378207007	-3.03419509301899	0.00241178410433368	0.0307035161637715
ENSMUSG00000055027	Smyd1	20.1323149898727	20.7334950401551	25.8262057513748	58.996349865999	38.2514693572601	52.6203894239441	36.093370738101	-1.16030590758671	0.382945390531646	-3.02995136193139	0.00244593124664349	0.031020949115858
ENSMUSG00000051839	Gypa	116.555507836105	25.0984413643983	83.2177740877633	30.0345053863268	34.7740630520546	27.745296241716	52.904264661394	1.28083119657189	0.422862875008591	3.0289516348435	0.00245403966744664	0.031094506378964
ENSMUSG00000074865	Zfp934	109.138339155626	91.6638728091068	114.783136672777	70.7956198391988	59.9852587647943	58.3607955429199	84.1211704640704	0.743066000578905	0.246114353027569	3.01919002869235	0.00253451502485817	0.0317887337611971
ENSMUSG00000003279	Dlgap1	33.9070568250487	68.7479046068301	20.087048917736	95.4668206922529	95.6286733931503	67.9281390745461	63.627607251594	-1.08593467779412	0.362643590303786	-2.99449571653653	0.00274898915703552	0.0339067169927761
ENSMUSG00000058248	Kcnh1	55.0989673407042	75.2953240931948	85.1308263656429	35.3978099195994	35.643414628356	42.0963115391553	54.7771089811088	0.931306002556533	0.311476769456156	2.98996937775684	0.00279005416224463	0.0342470860151172
ENSMUSG00000032911	Cspg4	550.989673407042	862.076899038028	435.219393217613	1076.95155028115	1256.21302775547	1130.86000543822	885.38509152292	-0.906856684767004	0.304350998816972	-2.9796409024186	0.00288586472098323	0.0350809674430715
ENSMUSG00000054191	Klf1	44.5030120828765	28.3721511075807	55.4785160585089	11.7992699731998	12.1709220682191	25.8318275353908	29.6926164709626	1.36788498332705	0.458974024506189	2.9803102360722	0.00287956588867426	0.0350809674430715
ENSMUSG00000009214	Mymk	9.53635973204496	21.8247316212159	10.5217875283379	53.6330453327263	20.8644378312328	44.0097802454805	26.7316903818397	-1.50133481673565	0.504057556194119	-2.97849878111433	0.00289664181674988	0.0351513029266595
ENSMUSG00000029408	Abcb9	6.35757315469664	12.0036023916687	10.5217875283379	34.3251490129449	26.080547289041	25.8318275353908	19.18674781868	-1.57453633911877	0.529106772431709	-2.97583856634908	0.00292188626972508	0.0352837218285044
ENSMUSG00000073565	Prr16	36.0262478766143	75.2953240931948	34.4349410018331	102.975447038835	93.0206186642462	81.3224200188228	70.5124997822576	-0.933187790039579	0.313619326964332	-2.97554299051765	0.00292470353399265	0.0352837218285044
ENSMUSG00000008482	Rnf151	25.4302926187866	19.6422584590943	15.3044182230369	3.21798271996358	6.95481261041093	4.7836717658131	12.5555727328509	1.99279557573121	0.670094007898561	2.97390448540301	0.00294036586383958	0.0353689194663393
ENSMUSG00000043903	Zfp469	98.5423838977979	84.0252167416812	59.3046206142681	142.663900585052	115.623759648082	135.856278149092	106.002693272662	-0.706490840603576	0.237881368601047	-2.96992927507676	0.00297868317454729	0.0357465117556469
ENSMUSG00000052374	Actn2	27.5494836703521	33.8283340128846	38.2610455575923	134.082613331816	53.0304461543833	42.0963115391553	54.8080390443639	-1.19340912006964	0.401857885334649	-2.9697292590783	0.00298062312625187	0.0357465117556469
ENSMUSG00000035916	Ptprq	37.0858434023971	54.5618290530397	29.6523103071341	76.1589243724714	83.4577513249311	68.8848734277087	58.3002553146137	-0.920566366276075	0.310904171951908	-2.96093281893455	0.00306708833109496	0.0365257406998391
ENSMUSG00000030525	Chrna7	111.257530207191	138.587045794721	142.522394702031	87.9581943456712	88.6738607827393	71.7550764871965	106.792350386592	0.660513072031194	0.223362461243944	2.95713553814138	0.00310511592992342	0.0367834709411948
ENSMUSG00000000126	Wnt9a	76.2908778563597	94.9375825522892	60.2611467532079	141.591239678398	126.925330139999	109.067716260539	101.512315540132	-0.708762075653535	0.239766032257224	-2.95605707356063	0.00311599424960759	0.0368599229000961
ENSMUSG00000028551	Cdkn2c	83.7080465368391	162.594250578058	86.0873525045827	196.296945917778	179.955776294383	162.644840037646	145.214535311548	-0.700271646584308	0.237587230717787	-2.9474296428671	0.00320427659622918	0.0374964391612605
ENSMUSG00000004730	Adgre1	46.622203134442	38.1932803371278	44.956728530171	93.3214988789438	74.7642355619175	67.9281390745461	60.9643475861914	-0.858781882038454	0.291409822983198	-2.946990164048	0.00320883410031681	0.0375138134510532
ENSMUSG00000030031	Kbtbd8	144.104991506457	136.404572632599	147.30502539673	108.338751572107	83.4577513249311	88.9762948441237	118.097897879492	0.61242653709163	0.208765799727137	2.93355778528901	0.00335101269770076	0.0387423090346194
ENSMUSG00000027677	Ttc14	1921.04668824417	2589.50440685727	1621.31180550297	1375.1512823311	1311.85152863876	1379.6109372605	1699.74610813913	0.592313162114622	0.202264443451358	2.9284097195119	0.00340700759108099	0.0393221810147985
ENSMUSG00000118506	1700094D03Rik	192.846385692465	212.791133306855	139.652816285212	114.774717012034	113.015704919178	132.986075089604	151.011138717558	0.593229849504596	0.203502205723918	2.91510279898098	0.00355571400007285	0.0405176919348402
ENSMUSG00000041771	Slc24a4	2.11919105156555	4.36494632424318	0	10.7266090665453	16.517679949726	14.3510152974393	8.01324028158654	-2.72250576118202	0.937216764919271	-2.90488376124655	0.00367389512457015	0.0413743256127386
ENSMUSG00000052981	Ube2ql1	144.104991506457	152.773121348511	109.043979839138	247.784669437196	242.549089788081	141.596684268068	172.975422697909	-0.640463659855554	0.220640589224115	-2.90274632653834	0.00369906129909378	0.0414153421758056
ENSMUSG00000039116	Adgrg6	64.6353270727492	97.1200557144107	31.5653625850137	135.15527423847	129.533384868904	95.6734353162621	92.2804732993016	-0.904971468701981	0.312439758773024	-2.89646705738052	0.00377390262440493	0.0419395168713779
ENSMUSG00000057842	Zfp595	157.879733341633	163.685487159119	153.044182230369	127.646647891889	86.0658060538352	101.413841435238	131.622616352014	0.596174616158158	0.206296263893161	2.88989536168678	0.00385370077504793	0.0426503662605756
ENSMUSG00000078815	Cacng6	21.1919105156555	43.6494632424318	32.5218887239535	21.4532181330905	3.47740630520546	2.87020305948786	20.8606816633041	1.84084972119199	0.637155193951253	2.88917007766374	0.00386260096370079	0.0426507969997835
ENSMUSG00000079277	Hoxd3	26.4898881445693	7.63865606742556	12.4348398062175	5.36330453327263	0.869351576301366	1.91346870632524	9.11825147235194	2.5586374725386	0.886543012110758	2.8860838533336	0.00390068215665081	0.0429900421937023
ENSMUSG00000074736	Syndig1	57.2181583922698	101.485002038654	90.8699831992818	125.50132607858	142.573658513424	132.986075089604	108.439033885302	-0.685192280766823	0.237886137793218	-2.88033715256845	0.00397250111585919	0.0434584618012497
ENSMUSG00000027966	Col11a1	2449.78485560977	3515.96426417788	2315.74978237328	4382.8924645904	4544.97004090354	3761.87947663542	3495.20681404838	-0.615839715832265	0.214011704522787	-2.87759829400682	0.00400715049747113	0.0436316168556497
ENSMUSG00000109179	Gm35339	131.389845197064	139.678282375782	128.174502617934	79.376907092435	82.5883997486298	98.5436383757499	109.958595901266	0.61447924112046	0.213971737786901	2.87177758836746	0.00408170126221251	0.0442644398556685
ENSMUSG00000005320	Fgfr4	47.6817986602248	99.3025288765323	29.6523103071341	126.573986985234	114.75440807178	97.5869040225873	85.9253228205822	-0.946660578941898	0.330251808778164	-2.86648113281883	0.00415062899245064	0.0445456748201734
ENSMUSG00000039114	Nrn1	30.7282702477004	32.7370974318238	33.4784148628933	61.141671679308	78.2416418671229	48.7934520112937	47.5200913500237	-0.958943968555859	0.334508547327114	-2.86672486015167	0.00414743410325218	0.0445456748201734
ENSMUSG00000064307	Lrrc51	135.628227300195	46.9231729856142	38.2610455575923	26.8165226663632	32.1660083231505	36.3559054201796	52.6918137088491	1.20751388042955	0.421685323878903	2.8635425803349	0.00418932502816175	0.0448537510368129
ENSMUSG00000064329	Scn1a	49.8009897117904	86.2076899038028	37.3045194186525	121.210682451962	96.4980249694516	93.7599666099368	80.7969788442659	-0.850160699575131	0.297279312519391	-2.859804445759	0.00423902315161878	0.0453498036768494
ENSMUSG00000040253	Gbp7	40.2646299797454	42.558226661371	19.1305227787962	7.50862634658169	13.9096252208219	15.3077496506019	23.1132301063197	1.45819949536092	0.510271695346812	2.85769230129419	0.0042673397427917	0.0455081543908641
ENSMUSG00000022306	Zfpm2	30.7282702477004	61.1092485394045	48.7828330859302	72.9409416525078	83.4577513249311	98.5436383757499	65.9271138710373	-0.860459448432647	0.302201219556118	-2.84730634011509	0.00440909114326348	0.0465043450341549
ENSMUSG00000097789	Gm2115	2.11919105156555	18.5510218780335	4.78263069469904	26.8165226663632	32.1660083231505	26.7885618885534	18.5373227503942	-1.76852838577113	0.623776609810332	-2.83519509702179	0.0045797708144552	0.0479665109641502
ENSMUSG00000033847	Pla2g4c	90.0656196915357	66.5654314447085	90.8699831992818	47.1970798927992	46.0756335439724	49.7501863644563	65.0873223561256	0.793342887244197	0.2799320588225	2.83405512959572	0.00459614022249005	0.0480632085844088
ENSMUSG00000046844	Vat1l	86.8868331141874	106.941184943958	76.5220911151847	163.044457811488	132.141439597808	123.418731557978	114.825789690101	-0.631329448734531	0.223155311303858	-2.82910339460791	0.00466786157846658	0.0486620956659183
ENSMUSG00000042451	Mybph	6.35757315469664	12.0036023916687	18.1739966398564	65.4323153059261	20.8644378312328	23.9183588290655	24.4583806920744	-1.57634884680386	0.559000192056071	-2.81994330092421	0.00480321356013201	0.0496885433497835
ENSMUSG00000090862	Rps13	127.151463093933	161.503013996998	102.348296866559	69.7229589325442	91.2819155116434	83.235888725148	105.873922854471	0.672335927597149	0.238494438985215	2.81908429587672	0.00481608685022373	0.0497453019828707
