gene_id	gene_short_name	E12.5_PFL_WT_RNAseq_rep1	E12.5_PFL_WT_RNAseq_rep2	E12.5_PFL_WT_RNAseq_rep3	E12.5_PFL_DelCBS1.2_RNAseq_rep1	E12.5_PFL_DelCBS1.2_RNAseq_rep2	E12.5_PFL_DelCBS1.2_RNAseq_rep3	baseMean	log2FoldChange	lfcSE	stat	pvalue	padj
ENSMUSG00000021702	Thbs4	159.152635078526	202.303677616267	158.253946649952	668.975013168904	655.6531669731	560.584274019451	400.820452251033	-1.85301544484154	0.133645306884466	-13.865174079352	1.02975973620083e-43	1.40963810288532e-39
ENSMUSG00000069117	Rps18-ps6	2105.36200118164	927.149589792937	997.98895106126	1.05019625301241	2.05856567338493	0.892650117865367	672.416992346684	9.99556557462585	0.748452831415294	13.3549706208268	1.10801850592032e-40	7.58383266377164e-37
ENSMUSG00000024330	Col11a2	2713.55242808887	3227.78692806582	2714.05518504668	5074.54829455595	4877.77136308559	4887.25939531289	3915.8289323593	-0.776789127473883	0.0673593193803211	-11.532021621062	9.09818020705232e-31	4.15149962847798e-27
ENSMUSG00000030607	Acan	1693.83875905003	2257.99934343896	1968.28346145878	3845.81867853144	3629.25128217763	3667.89933430879	2843.84847649427	-0.910735071843257	0.0811748352962613	-11.219426174619	3.27387832537036e-29	1.12040300989987e-25
ENSMUSG00000078249	Hmga1b	525.203695759135	256.735160382976	272.988057971167	4.20078501204963	1.02928283669246	4.46325058932684	177.436705425225	6.74945661633363	0.648040666522021	10.4151744867454	2.11409556607197e-25	5.78797084079185e-22
ENSMUSG00000022025	Cnmd	613.8744495886	608.725415607691	546.965203108897	1226.62922351849	1217.64159580719	1033.6888364881	874.587454019827	-0.974100916609962	0.0941886748337192	-10.3420174275691	4.54859470605548e-25	1.03776188218656e-21
ENSMUSG00000055775	Myh8	717.323662389642	832.801686330642	652.797529931052	1502.83083806076	1341.15553621028	1394.3194841057	1073.53812283801	-0.942417264616811	0.0925005385983874	-10.1882354297258	2.2378921783378e-24	4.37635800418088e-21
ENSMUSG00000031906	Smpd3	15.9152635078526	33.5660810394703	15.8253946649952	164.880811722948	138.953182953483	155.321120508574	87.4103090662205	-2.79110637877794	0.291960745143884	-9.55986866454404	1.17906233936517e-21	1.79335381817443e-18
ENSMUSG00000001119	Col6a1	2909.0828083282	3054.5133745918	2369.85285108303	4820.40080132695	4423.85763210421	4225.80565797465	3633.91885423481	-0.692499922181607	0.0805316561772172	-8.59910195634991	8.03422885740417e-18	9.16504656908381e-15
ENSMUSG00000040690	Col16a1	1252.75859897525	1623.87256920681	1442.08908884769	2336.68666295261	2304.56427135443	2308.39320479984	1878.06073268944	-0.684278479000089	0.0809687577603468	-8.45114211861114	2.88466854542444e-17	3.03755597833194e-14
ENSMUSG00000054196	Cthrc1	660.483435575882	816.472241500629	719.066370090719	1455.5720066752	1246.46151523457	1154.19660239992	1008.70869524615	-0.809340555211347	0.100541673894171	-8.04980187681428	8.29281699474195e-16	6.30668732450126e-13
ENSMUSG00000071984	Fndc1	321.715683765877	369.226891434173	229.46822264243	676.326386939991	607.276873648554	690.018541109929	482.338766590159	-1.09977514617337	0.139310340182278	-7.89442581745471	2.91654805622908e-15	2.10129612324842e-12
ENSMUSG00000063415	Cyp26b1	2356.59580369846	2891.21892629167	2434.14351690957	1339.00022259082	1697.28739770587	1652.29536816879	2061.75687256087	0.712490234604036	0.0914504676668478	7.79099607450476	6.64829801224985e-15	4.33374054712801e-12
ENSMUSG00000101174	Hoxd4	344.451774491381	289.394050043001	329.366026465213	110.270606566303	148.216728483715	145.501969212055	227.866859210278	1.24928727367167	0.161085302080486	7.75543924576971	8.80382181232095e-15	5.47797803585734e-12
ENSMUSG00000054146	Krt15	1010.61923274864	1075.92897602194	1136.46115437997	1731.77362121746	1521.28003263146	1630.87176534003	1351.15579705658	-0.59868685043114	0.0772963391540589	-7.74534547150934	9.53223157637391e-15	5.67333556734706e-12
ENSMUSG00000023885	Thbs2	333.083729128629	481.718622485371	307.606108800844	870.612693747286	845.041208924513	687.340590756333	587.567158973829	-1.09395693235329	0.142068843657865	-7.7001888956582	1.35865235323506e-14	7.43943682537389e-12
ENSMUSG00000043342	Hoxd9	993.567164704512	972.509158765194	966.338161731269	614.364808012259	648.448187116253	522.20031895124	786.237966546788	0.718041258846634	0.0945338093293294	7.59560271548118	3.06363107459319e-14	1.61300176077331e-11
ENSMUSG00000022371	Col14a1	715.050053317091	731.196251832786	605.321345936066	1256.03471860284	1000.46291726508	1331.83397585513	939.983210468164	-0.807382157298295	0.107676879369905	-7.49819424581092	6.4702970121917e-14	3.28044058518119e-11
ENSMUSG00000021390	Ogn	741.196557651421	768.391098390037	548.943377442021	1354.75316638601	1378.20971833121	1052.43448896327	973.98806786066	-0.878021103332239	0.120325641923921	-7.29704067473326	2.94165888408084e-13	1.22983381326993e-10
ENSMUSG00000031461	Myom2	291.021961286447	378.298805228625	330.355113631775	696.280115747226	556.842014650623	620.39183191643	478.864973743521	-0.902335207578192	0.12358964550194	-7.3010583039825	2.85512982676552e-13	1.22983381326993e-10
ENSMUSG00000032425	Zfp949	1266.40025341056	1217.45083121538	1077.11592438624	790.797778518343	782.254955886273	718.583344881621	975.433848049735	0.636294118828331	0.0872115087251716	7.29598797371429	2.96475387814361e-13	1.22983381326993e-10
ENSMUSG00000001823	Hoxd12	1131.12051359381	928.963972551827	1003.92347406063	666.874620662879	654.623884136407	635.566883920142	836.845558154283	0.645331477638161	0.0923003094872443	6.99165020380939	2.71671553389053e-12	1.00511132279534e-09
ENSMUSG00000073530	Pappa2	121.638085381445	137.893089675662	128.581331653086	330.811819698908	241.881466622729	300.823089720629	210.271480458743	-1.16818210567974	0.167402787193334	-6.97827154054846	2.98833663767771e-12	1.07650895350448e-09
ENSMUSG00000024026	Glo1	1636.99853223627	1199.30700362648	1215.58812770494	832.805628638839	791.518501416505	829.271959496926	1084.24829218666	0.721738813829106	0.105379048339595	6.8489782855433	7.43792847190741e-12	2.54544507129851e-09
ENSMUSG00000019929	Dcn	1090.1955502879	1244.66657259874	844.680440244119	1936.56189055488	1785.80572166143	1604.09226180407	1417.66707285852	-0.743329936733736	0.1087423545009	-6.83569838215693	8.16064809043433e-12	2.72466126121843e-09
ENSMUSG00000006205	Htra1	258.054629734467	343.825532809709	270.020796471481	575.507546650799	494.055761612383	522.20031895124	410.61076437168	-0.864020339557306	0.129258936964813	-6.68441470930951	2.31849384084008e-11	7.05285826383552e-09
ENSMUSG00000027102	Hoxd8	516.109259468934	561.551463876544	497.510844780787	287.7537733254	340.692618945206	288.325988070514	415.323991411231	0.782653541895977	0.11843331187152	6.60839023690412	3.88521438083897e-11	1.10801457623552e-08
ENSMUSG00000033544	Angptl1	738.92294857887	860.017427713996	637.961222432619	1358.95395139806	1298.95493990589	1058.68303978833	992.248921636293	-0.730486421908495	0.110823164737577	-6.59145967937522	4.35523112261803e-11	1.21670936403098e-08
ENSMUSG00000011118	Panx3	18.188872580403	24.4941672450189	5.9345229993732	112.370999072328	80.2840612620122	78.5532103721523	53.3043055885479	-2.47208275431267	0.379486157433543	-6.514289667458	7.30344394647229e-11	1.92263161890883e-08
ENSMUSG00000020053	Igf1	824.183288799509	1083.1865070575	921.82923923597	1570.04339825355	1586.12485134309	1273.81171819388	1209.86316714725	-0.644032272511925	0.103048988982775	-6.24976798772451	4.11062856432716e-10	9.53735498594484e-08
ENSMUSG00000019936	Epyc	34.1041360882556	50.802717248928	28.6835278303038	151.228260433787	132.777485933328	99.0841630830558	82.7800484362763	-1.74272880645815	0.279593639153023	-6.23307744674529	4.57359912710777e-10	1.04346664084964e-07
ENSMUSG00000020415	Pttg1	580.90711803662	712.145232864438	463.881881117672	322.410249674809	328.341224904896	317.783441960071	454.244858093084	0.860602435720674	0.13833194557125	6.22128483891964	4.93100028863493e-10	1.10656496641186e-07
ENSMUSG00000027230	Creb3l1	296.705983967823	345.6399155686	240.348181474615	528.248715265241	482.733650408766	554.335723194393	408.00202831324	-0.8254808106051	0.133324956391081	-6.19149507301339	5.95962012545844e-10	1.25509599842155e-07
ENSMUSG00000007279	Scube2	46.6089859872826	68.9465448378309	52.4216198277966	166.981204228973	162.626688197409	129.434267090478	104.503218361628	-1.43990567270338	0.233108201581809	-6.17698417701551	6.53376184770146e-10	1.35516160504826e-07
ENSMUSG00000036103	Colec12	891.254756439745	1055.97076567415	794.236994749447	1474.47553922942	1409.08820343198	1270.24111772242	1149.21122954119	-0.597607805448351	0.0980110269499278	-6.09735275760001	1.07839371945099e-09	2.10887594650922e-07
ENSMUSG00000061723	Tnnt3	289.885156750172	421.843991441992	324.420590632402	661.623639397817	644.331055769483	535.59007071922	479.615750785181	-0.82430126288954	0.135348739738823	-6.09020271987876	1.12767801694168e-09	2.14399782971037e-07
ENSMUSG00000086596	Susd5	312.621247475676	445.430967307565	267.053534971794	718.334237060487	616.540419178786	588.256427673277	491.372805611264	-0.90386529068634	0.149582516642388	-6.04258646648688	1.5166302209752e-09	2.76815347932394e-07
ENSMUSG00000090958	Lrrc32	348.998992636482	282.13651900744	391.678517958631	589.160097939961	536.256357916774	584.685827201816	455.486052110184	-0.74392050830038	0.12453744150333	-5.97346869600248	2.32261371052087e-09	4.07618706196414e-07
ENSMUSG00000029675	Eln	1007.20881913981	1232.87308466595	859.516747742552	1660.36027601262	1563.48062893585	1506.79339895674	1305.03882590892	-0.608460387336582	0.102154739221695	-5.95626196075064	2.58072548501466e-09	4.47184191953996e-07
ENSMUSG00000027978	Prss12	171.657484977553	164.201639679571	206.7192178115	357.066726024219	339.663336108513	302.60838995636	256.986132426286	-0.87982690089778	0.148267524184161	-5.93404999334148	2.9555177153824e-09	5.05726025073371e-07
ENSMUSG00000037139	Myom3	370.59827882571	343.825532809709	341.235072463959	603.862845482135	499.202175795845	572.1887255517	455.152105154843	-0.667729662647672	0.113842148100781	-5.86539936031907	4.48052963636198e-09	7.21576119907755e-07
ENSMUSG00000041577	Prelp	248.960193444266	301.187537975788	240.348181474615	453.68478130136	424.064528717295	447.217709050549	352.577155327312	-0.742322297015537	0.127369089796753	-5.82811966545484	5.60553788416058e-09	8.92258233677607e-07
ENSMUSG00000019997	Ccn2	496.783582352256	792.885265635055	525.205285444528	1446.12024039809	1514.07505277462	1339.86782691592	1019.15620892008	-1.24323380342165	0.219920346531493	-5.65310951455603	1.57570837835412e-08	2.29466723311591e-06
ENSMUSG00000050931	Sgms2	98.9019946559411	92.5335207034046	95.9414551565334	212.139643108506	204.8272845018	174.959423101612	146.550553537966	-1.04193033808746	0.184806046388802	-5.63796671400787	1.72069757606465e-08	2.45360719986969e-06
ENSMUSG00000040533	Matn1	485.415536989504	860.017427713996	619.168566267937	1687.66537859094	1651.99895289141	1617.48201357205	1153.6246460043	-1.33413898238333	0.240584215342839	-5.5454136111222	2.93260101737407e-08	3.89751216765375e-06
ENSMUSG00000035606	Ky	69.3450767127863	75.2968844939469	73.1924503256028	149.127867927762	160.568122524024	165.140271805093	115.445112298203	-1.12316170031261	0.203487074098502	-5.51957270646551	3.3982496940334e-08	4.34810179552426e-06
ENSMUSG00000043903	Zfp469	217.12966642856	330.217662118032	232.435484142117	478.889491373658	435.386639920913	458.822160582799	358.81351742768	-0.811026109861854	0.146865435544772	-5.5222395034849	3.34705816083293e-08	4.34810179552426e-06
ENSMUSG00000025081	Tdrd1	59.1138358863096	68.9465448378309	48.4652711615478	132.324727879563	133.80676877002	147.287269447786	98.3240696638429	-1.22612815832382	0.228346177801499	-5.36960228600668	7.89104708479062e-08	9.39309074293033e-06
ENSMUSG00000045515	Pou3f3	158.015830542251	146.965003470113	152.319423650579	246.796119457916	305.697002497662	264.224434888149	212.336302417778	-0.837823754533694	0.156577011431188	-5.35087332984319	8.75307769261536e-08	1.024110090036e-05
ENSMUSG00000079277	Hoxd3	129.595717135371	104.327008636192	150.341249317454	32.5560838433846	47.3470104878534	64.2708084863064	88.0729796510936	1.40383873560033	0.269677739818292	5.20561591975013	1.93354200052718e-07	2.05180282521059e-05
ENSMUSG00000020583	Matn3	117.090867236344	182.345467268474	138.472203318708	331.862015951921	272.759951723503	243.693482177245	214.370664612699	-0.94590793301241	0.182149143913133	-5.19304078345554	2.06886841175274e-07	2.17851843757564e-05
ENSMUSG00000026109	Tmeff2	97.7651901196659	120.656453466204	81.1051476581004	199.537288072357	225.41294123565	181.20797392667	150.947499079775	-1.01237569893929	0.195677566358582	-5.17369322288124	2.29511540853526e-07	2.32724702425476e-05
ENSMUSG00000038418	Egr1	183.025530340305	192.32457244237	210.675566477749	312.958483397697	299.521305477507	387.410151153569	264.319268214866	-0.771983722531467	0.149079184953334	-5.17834681463493	2.23860779993225e-07	2.32724702425476e-05
ENSMUSG00000032265	Tent5a	352.409406245307	459.038837999243	337.27872379771	621.716181783345	604.189025138477	561.476924137316	489.3515165169	-0.634029618992724	0.123108994832985	-5.15014861304711	2.6028013821749e-07	2.58186580584002e-05
ENSMUSG00000043557	Mdga1	514.972454932659	415.493651785876	458.936445284861	307.707502132635	257.320709173116	311.534891135013	377.66094240736	0.661188345848937	0.128636671130022	5.1399677871066	2.74785573227189e-07	2.68256611353208e-05
ENSMUSG00000036412	Arsi	84.1235356843637	121.563644845649	64.290665826543	179.583559265122	201.739435991723	204.416876991169	142.619619767428	-1.11244007222329	0.216866501750545	-5.12960767681352	2.903466543909e-07	2.79898264222326e-05
ENSMUSG00000063804	Lin28b	267.149066024668	262.178308659647	284.857103969914	162.780419216923	152.333859830485	166.925572040824	216.03738829041	0.755239649168769	0.149498977184015	5.05180479087267	4.37654867900484e-07	4.10555741633504e-05
ENSMUSG00000037679	Inf2	370.59827882571	580.602482844892	583.561428271698	826.504451120765	831.660532047511	766.786451246351	659.952270726155	-0.65585890142812	0.132054267011109	-4.96658620938728	6.81417686113334e-07	5.9794401956445e-05
ENSMUSG00000030218	Mgp	374.008692434536	446.338158687011	260.129924805859	654.27226562673	656.682449809792	523.092969069105	485.754076738839	-0.761247273780381	0.153505323985218	-4.95909362631414	7.08228305636958e-07	6.17511928399001e-05
ENSMUSG00000031994	Adamts8	56.8402268137592	117.934879327869	53.4107069943588	184.834540530184	216.149395705418	157.106420744305	131.046028352649	-1.27908995348627	0.25847861224418	-4.94853304256346	7.47748977441164e-07	6.43769544163025e-05
ENSMUSG00000091243	Vgll3	417.207264812993	459.038837999243	356.071379962392	754.040909662909	590.808348261475	561.476924137316	523.107277472721	-0.627395616360358	0.128803338990076	-4.87095770404443	1.11058614359045e-06	8.93147887837963e-05
ENSMUSG00000027737	Slc7a11	293.295570358998	296.651581078562	357.060467128954	196.38669931332	185.270910604644	199.953626401842	254.76980914772	0.703241586910832	0.144807922173187	4.85637509576147	1.19554134818083e-06	9.51497995072524e-05
ENSMUSG00000024431	Nr3c1	348.998992636482	516.191894904287	419.372958622373	749.840124650859	630.950378892481	610.572680619911	545.987838387732	-0.627797957725513	0.13100722269184	-4.79208661038669	1.65055616155261e-06	0.000127652335002789
ENSMUSG00000026407	Cacna1s	303.526811185474	339.289575912484	263.097186305545	459.985958819435	448.767316797915	457.929510464933	378.766059914298	-0.591949970527331	0.123638463072579	-4.78774934447251	1.6866211831818e-06	0.00012898411942221
ENSMUSG00000026725	Tnn	27.2833088706044	54.4314827667086	22.7490048309306	136.525512891613	87.4890411188595	87.479711550806	69.326343671587	-1.56192372004362	0.32789400218858	-4.76350195373601	1.90261767773347e-06	0.000142387853169988
ENSMUSG00000024301	Kifc5b	311.484442939401	254.01358624464	262.108099138983	164.880811722948	169.831668054257	165.140271805093	221.243146650887	0.724788775623385	0.152805518321368	4.7432107399359	2.10357234137355e-06	0.000154816138607863
ENSMUSG00000001493	Meox1	310.347638403125	277.600562110214	265.07536063867	476.789098867633	391.127477943137	424.008805986049	357.491490658138	-0.600509018416384	0.127339171556516	-4.7158231915296	2.40735424690799e-06	0.000173085074165462
ENSMUSG00000028197	Col24a1	279.653915923695	292.115624181336	209.686479311186	449.48399628931	424.064528717295	370.449798914127	337.575723889492	-0.669425504006847	0.143103693864083	-4.67790513250242	2.898205673923e-06	0.000204502770465628
ENSMUSG00000025582	Nptx1	95.4915810471155	103.419817256746	63.3015786599808	198.487091819345	180.124496421181	149.965219801382	131.798297500958	-1.00897030403365	0.21671938325872	-4.65565326396826	3.22955056130247e-06	0.000225557743028926
ENSMUSG00000003032	Klf4	209.172034674634	268.528648315762	217.599176643684	335.012604710958	391.127477943137	366.879198442666	298.053190121807	-0.649096863147304	0.140428658964028	-4.6222535195866	3.79593706516559e-06	0.000263769454238841
ENSMUSG00000036545	Adamts2	251.233802516816	314.795408667465	175.068428481509	435.831445000149	434.35735708422	383.839550682108	332.520998738711	-0.756164973275033	0.165789998123227	-4.56098064922466	5.09152735402863e-06	0.000339989843655112
ENSMUSG00000062563	Cys1	48.882595059833	36.2876551778057	31.6507893299904	111.320802819315	88.5183239555519	82.1238108436138	66.463996197685	-1.27698232087061	0.284107698000812	-4.49471214562782	6.96641206093362e-06	0.000445622498608039
ENSMUSG00000027015	Cybrd1	308.074029330575	473.553900070365	297.715237135222	610.164023000209	596.984045281629	515.059118008317	466.925058804386	-0.669517790370095	0.149957061727241	-4.4647299877607	8.01697908014315e-06	0.000492127473668518
ENSMUSG00000022577	Ly6h	84.1235356843637	94.3479034622949	60.3343171602942	155.429045445836	191.446607624798	132.112217444074	119.632271136944	-1.00092861386261	0.226758750102396	-4.4140683145	1.01445923520897e-05	0.000603779672642416
ENSMUSG00000047330	Kcne4	26.1465043343293	41.7308034544766	31.6507893299904	92.4172702650919	88.5183239555519	70.519359311364	58.4971751084674	-1.32456527808993	0.300370232264036	-4.40977545646264	1.03477858552051e-05	0.000613207102042866
ENSMUSG00000062329	Cytl1	327.399706447253	312.981025908575	465.860055450796	586.009509180923	589.779065424782	512.381167654721	465.735088344508	-0.608626112748435	0.138537077397418	-4.3932362670138	1.11675645044385e-05	0.000647766061446011
ENSMUSG00000047013	Fbxo41	220.540080037386	227.705036240731	231.446396975555	117.62198033739	144.099597136945	148.179919565651	181.598835048943	0.727682712384945	0.166094239840242	4.38114357899989	1.18058040319003e-05	0.000675411541595987
ENSMUSG00000014158	Trpv4	121.638085381445	165.108831059016	114.734111321215	214.240035614531	225.41294123565	253.512633473764	182.441106347604	-0.784576903471642	0.179739541958398	-4.36507679347061	1.27078107030901e-05	0.000712939429158197
ENSMUSG00000028081	Rps3a1	36.3777451608059	1153.94743465422	1230.42443520338	30.4556913373598	19.5563738971568	16.960352239442	414.620338748727	5.17668679985684	1.18689960094523	4.36152038111243	1.29161761934353e-05	0.000718737950861525
ENSMUSG00000028222	Calb1	23.8728952617789	47.1739517311475	23.7380919974928	95.5678590241291	87.4890411188595	70.519359311364	58.0601997407953	-1.40396418267596	0.323804422090379	-4.33584005311728	1.45204504238174e-05	0.000788771610522369
ENSMUSG00000022296	Baalc	110.270040018693	134.264324157881	122.646808653713	244.695726951891	217.17867854211	175.852073219477	167.484608590628	-0.790376282395762	0.183821692775029	-4.29968993574151	1.71037236535913e-05	0.000891749107029082
ENSMUSG00000045954	Cavin2	179.615116731479	220.44750520517	183.970212980569	349.715352253132	287.169911437198	283.862737481187	250.796806014789	-0.652306775879176	0.151880646403974	-4.29486436437833	1.74800173120526e-05	0.000906378624942
ENSMUSG00000028024	Enpep	11.3680453627518	19.9582103477932	12.8581331653086	46.2086351325459	49.4055761612383	50.8810567183259	31.7799428146606	-1.71571705430208	0.404766757134499	-4.23877955405309	2.24738204956937e-05	0.00113942269913167
ENSMUSG00000046794	Ppp1r3b	206.898425602084	283.043710386885	310.573370300531	426.379678723038	438.47448843099	371.342449031993	339.452020412587	-0.621624232274849	0.146747899747489	-4.23600087868028	2.27535886015679e-05	0.00114935008991463
ENSMUSG00000026413	Pkp1	123.911694453995	230.426610379066	140.450377651832	317.159268409747	278.935648743658	277.614186656129	228.082964382405	-0.812699452428915	0.193151334685569	-4.2075787555489	2.5812145789031e-05	0.00128022631777553
ENSMUSG00000028845	Tekt2	176.204703122654	196.860529339596	139.46129048527	253.09729697599	279.96493158035	287.433337952648	222.170348242751	-0.67853212353169	0.161317461554801	-4.2061914252301	2.59710276207132e-05	0.00128345630722001
ENSMUSG00000053702	Nebl	227.360907255037	319.331365564691	237.380919974928	402.225164903752	412.742417513678	375.80569962132	329.141079138901	-0.597682117891949	0.142278453213538	-4.20079150702405	2.65983452582942e-05	0.00130972931021866
ENSMUSG00000028328	Tmod1	178.478312195204	201.396486236822	143.417639151519	289.854165831425	257.320709173116	285.648037716918	226.019225050834	-0.669317593613808	0.159626299693467	-4.19302830986568	2.75255077050693e-05	0.00135052571675517
ENSMUSG00000008482	Rnf151	28.4201134068796	10.8862965533417	23.7380919974928	1.05019625301241	1.02928283669246	0	10.8539968412365	4.98038803209561	1.19019510793108	4.18451394977838	2.85776898857804e-05	0.0013866802153232
ENSMUSG00000042045	Sln	159.152635078526	137.893089675662	106.821413988718	223.691801891643	223.354375562265	224.055179584207	179.161415963503	-0.736272162863324	0.176029742338674	-4.18265773204829	2.8812098842746e-05	0.00138876345443081
ENSMUSG00000002565	Scin	218.266470964836	196.860529339596	205.730130644938	341.313782229033	329.370507741589	272.258285948937	260.633284478155	-0.602471064726137	0.144975594652638	-4.15567231277552	3.24332396759504e-05	0.00153625819350895
ENSMUSG00000031073	Fgf15	40.9249633059067	21.7725931066834	46.4870968284234	3.15058875903722	3.08784851007739	13.3897517679805	21.4688070463514	2.4360581572916	0.587598727316948	4.14578528516383	3.3865106120547e-05	0.00159305648688717
ENSMUSG00000021697	Depdc1b	323.989292838428	353.804637983606	299.693411468347	186.934933036209	168.802385217564	257.083233945226	265.05131574823	0.669820933472905	0.162099123705123	4.13216875059354	3.59356431248521e-05	0.00166753565673254
ENSMUSG00000027376	Prom2	55.7034222774841	51.7099086283732	65.2797529931052	119.722372843414	99.8404351591691	123.185716265421	85.9069346944945	-0.990813839620251	0.239766351255123	-4.13241405407207	3.58973011984475e-05	0.00166753565673254
ENSMUSG00000035258	Abi3bp	27.2833088706044	76.2040758733921	44.508922495299	130.224335373539	126.601788913173	96.4062127294597	83.5381073759111	-1.23833186606718	0.30109033114417	-4.11282508263023	3.90846527467177e-05	0.00177162189221794
ENSMUSG00000005220	Corin	161.426244151076	212.282782790164	109.788675488404	274.101222036238	286.140628600505	273.150936066802	219.481748188865	-0.78247908508892	0.190420258787754	-4.1092218342224	3.96994586682897e-05	0.00179355079112283
ENSMUSG00000102692	Dchs2	86.3971447569141	113.398922430643	106.821413988718	158.579634204874	182.183062094566	189.241824987458	139.437000410529	-0.785771699600656	0.191958344703436	-4.09344902830155	4.25003538397691e-05	0.00191377415694934
ENSMUSG00000025422	Agap2	156.879026005976	114.306113810088	127.592244486524	222.64160563863	222.325092725572	204.416876991169	174.693493276327	-0.708441941770303	0.174162669044604	-4.06770260042851	4.74789231482858e-05	0.00210473448855548
ENSMUSG00000004044	Cavin1	841.235356843637	1085.90808119584	681.481057761356	1491.27867927762	1465.69875945007	1552.31855496787	1186.32008158273	-0.789162637197362	0.195074655939637	-4.04543908277638	5.22251452915454e-05	0.00226955559966973
ENSMUSG00000020524	Gria1	28.4201134068796	55.3386741461538	28.6835278303038	86.1160927470174	78.2254955886273	105.332713908113	63.6861029378492	-1.25182290734706	0.309889379784562	-4.03957989208066	5.35470265015335e-05	0.00231231938731701
ENSMUSG00000030518	Fam189a1	48.882595059833	87.9975638061789	64.290665826543	132.324727879563	136.894617280098	125.863666619017	99.3756394118721	-0.962789187985026	0.238783412020646	-4.03206060185529	5.52899243482384e-05	0.00236519929500948
ENSMUSG00000073411	H2-D1	70.4818812490615	78.0184586322823	84.072409157787	127.073746614501	132.777485933328	160.677021215766	108.850167133788	-0.85473001897654	0.214079687776851	-3.9925787815399	6.53586081349333e-05	0.00271119389927001
ENSMUSG00000030470	Csrp3	113.680453627518	115.213305189533	79.126973324976	182.734148024159	185.270910604644	164.247621687228	140.04556874301	-0.788707613011695	0.19769047342819	-3.98960860042752	6.61824125977426e-05	0.00272882845195933
ENSMUSG00000022044	Stmn4	14.7784589715774	10.8862965533417	14.836307498433	60.9113826747196	49.4055761612383	27.6721536538264	29.7483625855227	-1.76929999129295	0.445842182415087	-3.96844457765035	7.23432772413076e-05	0.00291266800634194
ENSMUSG00000021388	Aspn	119.364476308894	172.366362094577	86.0505834909114	438.982033759186	349.956164475438	241.908181941515	234.771300345087	-1.4460860003315	0.369328447823065	-3.91544710096168	9.02368288557188e-05	0.00346980884889307
ENSMUSG00000020173	Cobl	118.227671772619	143.336237952333	120.668634320588	202.687876831395	179.095213584489	244.586132295111	168.100294459422	-0.711976996185891	0.1827408688314	-3.89610162597384	9.7753384844704e-05	0.00373783822664568
ENSMUSG00000089661	Mia	151.1950033246	209.561208651828	154.297597983703	294.054950843474	269.672103213426	245.478782412976	220.709941071668	-0.64565704286643	0.165940665152936	-3.89089101379323	9.9876788921929e-05	0.00380031689046657
ENSMUSG00000003279	Dlgap1	120.50128084517	148.779386229004	136.494028985584	234.193764421767	191.446607624798	220.484579112746	175.316607869845	-0.667548176260135	0.171902675795174	-3.88329136339643	0.000103051958912597	0.00387548974053446
ENSMUSG00000024659	Anxa1	114.817258163794	224.983462102396	149.352162150892	288.803969578412	284.08206292712	257.975884063091	220.002466497617	-0.75600894585506	0.194827672737418	-3.88039817564306	0.000104285597925865	0.00390747813909065
ENSMUSG00000032011	Thy1	25.0096997980541	56.2458655255989	42.5307481621746	99.7686440361787	82.3426269353972	95.5135626115943	66.901857844833	-1.1512979850088	0.296729308496264	-3.87996046242698	0.000104473445752588	0.00390747813909065
ENSMUSG00000018893	Mb	44.3353769147322	70.7609275967212	37.5853123293636	132.324727879563	102.928283669246	91.0503120222675	79.8308234019824	-1.08553603350684	0.280161564545035	-3.87467865290401	0.000106765493233196	0.00396503983316837
ENSMUSG00000090066	1110002E22Rik	171.657484977553	188.69580692459	123.635895820275	261.49886700009	255.262143499731	248.156732766572	208.151155164802	-0.65922350274094	0.17021919105218	-3.87279189065619	0.000107595696913388	0.00398074998661452
ENSMUSG00000053519	Kcnip1	19.3256771166781	11.7934879327869	15.8253946649952	49.3592238915832	44.259161977776	42.8472056575376	30.5683585402262	-1.55052988876434	0.405156421019065	-3.82699078263253	0.000129719370312546	0.00460033279846745
ENSMUSG00000091345	Col6a5	192.119966630506	78.9256500117275	134.515854652459	270.950633277201	198.651587481646	279.39948689186	192.4271964909	-0.89409237095606	0.234613099220867	-3.8109226378462	0.000138449093032247	0.00487205561572859
ENSMUSG00000046834	Krt1	51.1562041323833	58.0602482844892	64.290665826543	132.324727879563	104.986849342631	95.5135626115943	84.3887096795341	-0.934329740763562	0.246497568588143	-3.79042173160205	0.000150391717932897	0.00519876824945309
ENSMUSG00000002020	Ltbp2	46.6089859872826	76.2040758733921	19.781743331244	126.023550361489	117.338243382941	97.298862847325	80.5425769639456	-1.24881709961321	0.331513906179851	-3.76701271450046	0.000165212589894624	0.00564230322440961
ENSMUSG00000078307	AI593442	3.41041360882555	18.1438275889029	3.9563486662488	27.3051025783226	49.4055761612383	36.5986548324801	23.136653906003	-2.11506620103818	0.564972790907351	-3.74366028785452	0.000181358816985459	0.0060998055177247
ENSMUSG00000026483	Fam129a	233.044929936413	353.804637983606	216.610089477122	438.982033759186	410.683851840293	374.020399385589	337.857657063702	-0.601910991725187	0.161848646920709	-3.71897450597823	0.000200033237576077	0.00667867070531443
ENSMUSG00000090210	Itga10	150.058198788324	224.983462102396	142.428551984957	273.051025783226	265.554971866656	274.936236302533	221.835407804682	-0.647567065395313	0.174863621450211	-3.70326921074144	0.000212838809666447	0.00697021642469856
ENSMUSG00000037034	Pax1	27.2833088706044	34.4732724189155	20.7708304978062	58.8109901686948	62.7862530382403	71.4120094292294	45.9227774039151	-1.22312546631787	0.331446248105477	-3.69026794935579	0.000224017960903975	0.00728404243898934
ENSMUSG00000059146	Ntrk3	20.4624816529533	20.8654017272383	10.8799588321842	74.563933963881	63.8155358749328	24.9942033002303	35.93025255857	-1.64133082838373	0.447892826708189	-3.6645615435433	0.000247762660168418	0.00781892423719223
ENSMUSG00000048706	Lurap1l	53.4298132049337	118.842070707314	75.1706246587272	166.981204228973	168.802385217564	133.897517679805	119.520602616219	-0.912390379875352	0.249244361133429	-3.66062596452048	0.000251599823786791	0.00786335613656938
ENSMUSG00000010760	Phlda2	42.0617678421818	52.6171000078183	31.6507893299904	81.9153077349678	80.2840612620122	97.298862847325	64.3046481707159	-1.03669264616896	0.284433826271862	-3.64475864125278	0.000267642857536187	0.00819633797944712
ENSMUSG00000015094	Npdc1	117.090867236344	141.521855193442	115.723198487777	189.035325542233	188.358759114721	207.094827344765	159.804138819881	-0.640687385400689	0.176127399800735	-3.63763608686407	0.00027515181877458	0.00835155930644176
ENSMUSG00000062646	Ganc	161.426244151076	320.238556944136	235.402745641804	141.776494156675	125.572506076481	155.321120508574	189.956277913124	0.766070605818936	0.21122318784596	3.62683005417764	0.000286921999442352	0.0085795473541843
ENSMUSG00000097789	Gm2115	22.7360907255037	30.8445069011349	24.727179164055	78.7647189759306	57.639838854778	49.9884066004606	44.1167902036438	-1.24127935229191	0.343860920028268	-3.60982967238576	0.000306398133868025	0.0090982300531874
ENSMUSG00000046491	C1qtnf2	36.3777451608059	33.5660810394703	38.5743994959258	82.9655039879802	68.9619500583951	72.3046595470948	55.458389881612	-1.04760669932463	0.29117898150122	-3.59781016446833	0.000320907698638401	0.0094674687212523
ENSMUSG00000025993	Slc40a1	121.638085381445	228.612227620176	123.635895820275	351.815744759157	264.525689029963	216.021328523419	217.708161855739	-0.805177925678132	0.224101239186176	-3.59292045239079	0.000326992434876418	0.00956528085706866
ENSMUSG00000031734	Irx3	125.04849899027	166.016022438461	158.253946649952	255.197689482015	205.856567338493	228.518430173534	189.815192512121	-0.612922614433245	0.170823597889885	-3.58804416956691	0.000333167857420692	0.00964626707069678
ENSMUSG00000037887	Dusp8	27.2833088706044	55.3386741461538	15.8253946649952	85.065896494005	86.459758282167	71.4120094292294	56.8975069811925	-1.29030489545324	0.360042414554142	-3.58375803320587	0.000338685856788158	0.00967906199075803
ENSMUSG00000034912	Mdga2	22.7360907255037	29.0301241422446	20.7708304978062	54.6102051566452	51.4641418346232	65.1634586041718	40.6291418268325	-1.23637662952923	0.347095367338032	-3.56206606562151	0.00036794775786394	0.0103002798719826
ENSMUSG00000022324	Matn2	179.615116731479	267.621456936317	131.548593152773	336.06280096397	344.809750291976	266.902385241745	254.426683886377	-0.706711239968559	0.199233959125447	-3.54714248048235	0.000389433917329469	0.0107696179683295
ENSMUSG00000042109	Csdc2	148.921394252049	229.519418999621	155.286685150265	285.653380819375	286.140628600505	249.942033002303	225.910590137353	-0.615836396333401	0.174009193512985	-3.53910264107652	0.000401489711782381	0.010991985329178
ENSMUSG00000069920	B3gnt9	152.331807860875	177.809510371248	108.799588321842	267.800044518164	233.647203929189	200.846276519708	190.205738586838	-0.674717975601105	0.190643871639687	-3.53915376244722	0.000401411965375486	0.010991985329178
ENSMUSG00000022103	Gfra2	107.996430946143	203.210868995712	117.701372820902	233.143568168755	284.08206292712	209.772777698361	192.651180259499	-0.753256844932087	0.213249894472911	-3.53227300202848	0.000412003777122552	0.0112125640259058
ENSMUSG00000022479	Vdr	14.7784589715774	30.8445069011349	9.890871665622	58.8109901686948	43.2298791410835	53.559007071922	35.1856189866724	-1.47185790239099	0.419333523044889	-3.50999340978858	0.000448117800264497	0.0118713737309364
ENSMUSG00000020486	Septin4	112.543649091243	121.563644845649	106.821413988718	187.985129289221	182.183062094566	160.677021215766	145.295653420861	-0.635897346823119	0.182230096894533	-3.48952976297405	0.000483871172195217	0.0126891043604987
ENSMUSG00000043424	Eif3j2	5.68402268137592	73.4825017350566	59.345229993732	1.05019625301241	5.14641418346232	1.78530023573073	24.4156108470617	4.12446119535266	1.18528012547123	3.47973538636102	0.000501909246797164	0.0130125675746333
ENSMUSG00000020704	Asic2	12.504849899027	11.7934879327869	3.9563486662488	24.1545138192854	40.1420306310061	34.8133545967493	21.2274309241839	-1.81702063946067	0.522757708990199	-3.47583710046204	0.000509261518330301	0.0131782248098743
ENSMUSG00000003283	Hck	35.2409406245307	46.2667603517023	36.5962251628014	78.7647189759306	73.079081405165	83.0164609614792	58.8273645802682	-0.987110281444698	0.284317107986806	-3.47186382287803	0.000516858446926017	0.0132744376734901
ENSMUSG00000027750	Postn	2228.13689109936	1534.06062264174	1541.98689267047	3741.84924948321	3490.29809922415	2494.06442931584	2505.06603073913	-0.87492506880744	0.252345912325422	-3.46716560908325	0.000525977721771146	0.013390079208407
ENSMUSG00000026678	Rgs5	133.006130744197	122.470836225094	90.9960193237224	189.035325542233	192.475890461491	166.032921922958	149.002854036616	-0.661277995700636	0.191861043472702	-3.44665067869665	0.000567581954562984	0.0141523303752508
ENSMUSG00000030996	Art1	104.586017337317	104.327008636192	93.963280823409	171.181989241022	142.04103146356	166.032921922958	130.355374904076	-0.662928978464786	0.192487310386195	-3.44401393076107	0.000573146170291623	0.0142391976862469
ENSMUSG00000040490	Lrfn2	6.82082721765111	15.4222534505674	4.945435832811	33.6062800963971	33.9663336108513	28.5648037716918	20.5543223299949	-1.79976962400983	0.525263331843106	-3.42641398114463	0.000611607445567675	0.0149238757974615
ENSMUSG00000046182	Gsg1l	30.69372247943	58.9674396639343	24.727179164055	77.7145227229182	96.7525866490917	74.9826099006909	60.6396767633533	-1.1126910462385	0.325553335297299	-3.4178456357155	0.000631188943292367	0.0153197614268248
ENSMUSG00000030711	Sult1a1	7.95763175392629	14.5150620711223	9.890871665622	36.7568688554343	30.8784851007739	33.0280543610186	22.1711623013162	-1.62170034375619	0.477849856956056	-3.39374454161515	0.000689439729202144	0.016413461657475
ENSMUSG00000056328	Myh1	27.2833088706044	39.0092293161412	46.4870968284234	101.869036542204	76.1669299152424	59.8075578969796	58.4371932282658	-1.06587600381469	0.314474874322121	-3.38938367051511	0.00070049923749218	0.0166189498475398
ENSMUSG00000039084	Chad	87.5339492931892	95.2550948417401	68.2470144927918	165.93100797596	131.748203096635	123.185716265421	111.983497660956	-0.742499020172354	0.220764091383995	-3.36331427596555	0.000770126361148996	0.0179902043647928
ENSMUSG00000022969	Il10rb	78.4395130029878	115.213305189533	93.963280823409	175.382774253072	165.714536707487	132.112217444074	126.804271236761	-0.709530642516134	0.211136876958583	-3.3605244746294	0.000777946378019927	0.0180803191319436
ENSMUSG00000022996	Wnt10b	85.2603402206389	149.686577608449	82.0942348246626	176.432970506085	182.183062094566	174.066772983747	141.620659706358	-0.740796253107656	0.221744528082003	-3.34076452535372	0.000835480496687863	0.0191252383263548
ENSMUSG00000034957	Cebpa	62.5242494951352	87.9975638061789	67.2579273262296	141.776494156675	128.660354586558	104.440063790248	98.7761088601708	-0.774931147638555	0.233393337097921	-3.32027965011456	0.000899273180467341	0.0202469581700945
ENSMUSG00000049556	Lingo1	143.237371570673	125.19241036343	162.210295316201	231.04317566273	182.183062094566	232.089030644996	179.325890942099	-0.586006608994323	0.176492904316206	-3.32028424182101	0.000899258388569967	0.0202469581700945
ENSMUSG00000037894	H2az1	188.709553021681	246.756055209079	213.642827977435	119.722372843414	183.212344931259	107.118014143844	176.526861354452	0.668176663655983	0.202314934103418	3.3026561613807	0.000957737441439835	0.0211459158643063
ENSMUSG00000031891	Hsd11b2	1201.60239484287	805.585944947288	1320.43136736054	612.264415506234	580.51551989455	740.00694771039	876.734431710311	0.783053156479121	0.2387794272943	3.27939959213486	0.00104028221515013	0.0225680241571952
ENSMUSG00000037820	Tgm2	107.996430946143	102.512625877301	126.603157319962	174.33257800006	153.363142667177	189.241824987458	142.341626633017	-0.618612453392736	0.188709157534234	-3.27812630545241	0.00104498626046712	0.0226078269961956
ENSMUSG00000026532	Spta1	128.458912599096	129.728367260656	170.122992648698	87.1662890000298	94.6940209757067	84.8017611972099	115.828723946899	0.685370967107027	0.209884484151886	3.26546752551298	0.00109283535689548	0.0234564385206967
ENSMUSG00000040428	Plekha4	96.6283855833907	99.7910517389658	93.963280823409	133.374924132576	147.187445647022	174.959423101612	124.317418504496	-0.651872629731485	0.199906253438798	-3.26089163554385	0.0011106247620703	0.0235710734387292
ENSMUSG00000009487	Otog	39.7881587696315	44.452377592812	32.6398764965526	67.2125601927941	76.1669299152424	81.2311607257484	56.9151772821302	-0.942358236278294	0.290118973208693	-3.24817858637746	0.00116146347270955	0.0243853887698174
ENSMUSG00000025348	Itga7	109.133235482418	107.955774153972	83.0833219912248	166.981204228973	146.15816281033	155.321120508574	128.105469862582	-0.642874990859126	0.197972921681808	-3.24728748456007	0.00116510638238066	0.0243927355181857
ENSMUSG00000027318	Adam33	202.351207456983	112.491731051198	140.450377651832	253.09729697599	215.120112868725	231.19638052713	192.451184421976	-0.626993629267708	0.193958995645707	-3.23260917690561	0.00122665253386197	0.0252126824865413
ENSMUSG00000031530	Dusp4	446.764182756148	284.858093145775	215.62100231056	164.880811722948	197.622304644953	229.411080291399	256.526245811964	0.672948897091912	0.208575478180415	3.22640467116571	0.00125355982579995	0.0256501950005612
ENSMUSG00000024114	Prss41	57.9770313500344	22.6797844861286	28.6835278303038	9.45176627711167	8.23426269353972	16.960352239442	23.9977874794267	1.63531054394255	0.512795359094566	3.18901198097812	0.00142759960702344	0.0280469684344842
ENSMUSG00000041797	Abca9	81.8499266118133	157.851300023455	58.3561428271698	162.780419216923	196.593021808261	177.637373455208	139.178030657138	-0.842596758902709	0.264842966636317	-3.18149569763642	0.00146516699089901	0.0286115134642176
ENSMUSG00000074207	Adh1	10.2312408264767	19.051018968348	15.8253946649952	50.4094201445956	32.9370507741589	35.7060047146147	27.3600216821982	-1.38451454845185	0.436155678581579	-3.17435864403834	0.00150168014991672	0.0291168549181444
ENSMUSG00000040016	Ptger3	7.95763175392629	3.62876551778057	7.9126973324976	34.6564763494095	14.4099597136945	24.9942033002303	15.5932889945898	-1.94067696528236	0.612200450916686	-3.17000250878036	0.00152437621449268	0.0293890307225892
ENSMUSG00000018217	Pmp22	940.137351499578	1358.06549502938	961.392725898458	1735.97440622951	1744.63440819373	1496.08159754236	1372.71433073217	-0.609671403512192	0.19249760905698	-3.16716351179056	0.00153933739129723	0.0295485480064815
ENSMUSG00000062372	Otof	55.7034222774841	69.8537362172761	34.618050829677	92.4172702650919	99.8404351591691	100.869463318787	75.5503963445808	-0.869359256015154	0.274806715349554	-3.16352988284631	0.00155868349207897	0.0296756861238791
ENSMUSG00000050751	Pgbd5	64.7978585676855	51.7099086283732	55.3888813274832	91.3670740120795	94.6940209757067	107.118014143844	77.512626275862	-0.776781996632443	0.247169761916098	-3.14270641607092	0.00167393641089084	0.03119331551814
ENSMUSG00000036905	C1qb	136.416544353022	101.605434497856	118.690459987464	182.734148024159	159.538839687332	191.027125223189	148.335425295504	-0.586366632341961	0.187383075795002	-3.12924008667382	0.00175259045213503	0.0322896510084474
ENSMUSG00000026344	Lypd1	78.4395130029878	165.108831059016	76.1597118252894	189.035325542233	218.207961378802	151.750520037112	146.45031047424	-0.796880493798306	0.255091969543902	-3.12389486514651	0.00178474215038	0.0327322359060534
ENSMUSG00000031849	Comp	56.8402268137592	138.800281055107	22.7490048309306	286.703577072387	326.282659231511	345.455595613897	196.138557436265	-2.13178068101162	0.682731379013501	-3.12242962099075	0.00179364984439181	0.0327814055005066
ENSMUSG00000059003	Grin2a	6.82082721765111	13.6078706916772	8.9017844990598	31.5058875903722	33.9663336108513	24.1015531823649	19.8173761319961	-1.59108765931518	0.510066496721425	-3.11937300242669	0.0018123636981178	0.0329037754158283
ENSMUSG00000079164	Tlr5	64.7978585676855	64.4105879406052	49.45435832811	88.2164852530423	113.221112036171	103.547413672383	80.6079692996661	-0.773049249244181	0.247884781278222	-3.11858293703203	0.00181722989549774	0.0329484238933358
ENSMUSG00000020810	Cygb	80.7131220755381	87.9975638061789	97.9196294896578	119.722372843414	134.836051606713	168.710872276554	114.983268683009	-0.668171914807157	0.21432713077659	-3.11753305512984	0.00182371494322387	0.0329615679490542
ENSMUSG00000036006	Ripor2	98.9019946559411	104.327008636192	104.843239655593	173.282381747047	147.187445647022	146.39461932992	129.156114945286	-0.597326938372561	0.19191952631796	-3.11238230852523	0.00185583994321448	0.0331287029648568
ENSMUSG00000054013	Tmem179	1.13680453627518	11.7934879327869	6.9236101659354	32.5560838433846	22.6442224072342	22.3162529466342	16.2284103053751	-1.92410560055812	0.617987640626949	-3.11350174998016	0.00184881413539065	0.0331287029648568
ENSMUSG00000085925	Rtl1	81.8499266118133	95.2550948417401	82.0942348246626	141.776494156675	137.92390011679	125.863666619017	110.793886195116	-0.641795925886581	0.20615763966126	-3.11313190692871	0.00185113262649983	0.0331287029648568
ENSMUSG00000039004	Bmp6	75.0290993941622	81.6472241500629	54.399794160921	123.923157855464	120.426091893018	106.225364025979	93.6084552466012	-0.729728475142883	0.234603600272643	-3.1104743247539	0.00186787133511446	0.0332500529341767
ENSMUSG00000053835	H2-T24	35.2409406245307	20.8654017272383	32.6398764965526	11.5521587831365	11.3221112036171	6.24855082505757	19.6448399433555	1.61398598650335	0.519193043362476	3.10864332089392	0.0018794846407101	0.033403301014543
ENSMUSG00000028332	Hemgn	46.6089859872826	13.6078706916772	39.563486662488	9.45176627711167	6.17569702015479	14.2824018858459	21.6150347540933	1.71838241247933	0.555676733856703	3.09241382224664	0.0019853586961784	0.0346652744795741
ENSMUSG00000001504	Irx2	84.1235356843637	106.141391395082	141.439464818395	204.78826933742	164.685253870794	154.428470390709	142.60106424946	-0.653694380354586	0.211701563005258	-3.087810836514	0.00201636775973198	0.034947699222644
ENSMUSG00000022860	Chodl	210.308839210909	360.154977639722	127.592244486524	655.322461879742	607.276873648554	504.347316593933	410.833785576564	-1.33881475451264	0.433491347926428	-3.08844631136644	0.00201206045539347	0.034947699222644
ENSMUSG00000022780	Meltf	34.1041360882556	48.0811431105926	67.2579273262296	103.969429048228	79.2547784253198	91.9429621401328	70.7683960231265	-0.874050023513785	0.283954460018727	-3.07813451303473	0.00208300868431201	0.0358219923109888
ENSMUSG00000052605	Isoc2b	10.2312408264767	12.700679312232	18.7926561646818	31.5058875903722	30.8784851007739	46.4178061289991	25.0877925205893	-1.38107456166128	0.454691082598751	-3.03739091113874	0.00238635762906655	0.0393628023608739
ENSMUSG00000064307	Lrrc51	147.784589715774	75.2968844939469	44.508922495299	33.6062800963971	55.5812731813931	32.1354042431532	64.8188923709939	1.13770737640946	0.375010838626947	3.03379865119373	0.00241495549282147	0.0396913298325085
ENSMUSG00000079259	Trim71	161.426244151076	87.0903724267338	156.275772316828	73.5137377108685	75.1376470785499	90.1576619044021	107.26690593141	0.75390854204046	0.250095964417704	3.01447703802729	0.00257422696125493	0.0413672423885278
ENSMUSG00000006057	Atp5g1	56.8402268137592	86.1831810472886	78.1378861584138	29.4054950843474	42.200596304391	45.5251560111337	56.3820902365556	0.917242144571516	0.306017513911005	2.99735179483311	0.00272336241233488	0.043298615635833
ENSMUSG00000039942	Ptger4	45.4721814510074	34.4732724189155	37.5853123293636	68.2627564458065	64.8448187116253	82.1238108436138	55.4603587000553	-0.881319670759016	0.294227030345153	-2.99537289189628	0.00274109517985849	0.0434292267558829
ENSMUSG00000031129	Slc9a9	45.4721814510074	53.5242913872635	37.5853123293636	80.8651114819554	81.3133440987047	79.4458604900177	63.0343502063854	-0.820054926412746	0.274484981423249	-2.98761310058069	0.00281165240876138	0.0440766581837653
ENSMUSG00000053025	Sv2b	27.2833088706044	39.0092293161412	26.7053534971794	80.8651114819554	52.4934246713157	54.4516571897874	46.8013475044973	-1.00478655841863	0.33669421190687	-2.98427036428103	0.00284255479235943	0.0443691363199639
ENSMUSG00000037990	Sh3rf3	55.7034222774841	65.3177793200503	56.3779684940454	102.919232795216	91.6061724656293	99.0841630830558	78.5014564059135	-0.723947455152251	0.24269689022895	-2.98292843583331	0.00285504743083292	0.0445133761738859
ENSMUSG00000020123	Avpr1a	10.2312408264767	20.8654017272383	2.9672614996866	42.0078501204963	32.9370507741589	29.4574538895571	23.077709806269	-1.59875791662173	0.536234141548264	-2.98145491446264	0.00286882285398241	0.044645744496415
ENSMUSG00000024610	Cd74	17.0520680441278	13.6078706916772	13.8472203318708	43.0580463735087	27.7906365906965	38.3839550682108	25.623299516682	-1.30151364288794	0.437936693155037	-2.97192188558447	0.0029594196880794	0.0456724871590969
ENSMUSG00000056296	Synpr	26.1465043343293	86.1831810472886	54.399794160921	17.8533363012109	27.7906365906965	24.9942033002303	39.5612759557794	1.24614206023445	0.420597454891731	2.96279030160853	0.00304864181980575	0.0467857151023777
ENSMUSG00000055407	Map6	233.044929936413	220.44750520517	142.428551984957	140.726297903663	127.631071749866	128.541616972613	165.469995625447	0.585573366256841	0.198095829691927	2.95601056906401	0.00311646411439181	0.0472963162548885
